2.965471417571337e-17 0.000000000000000e+00 0.000000000000000e+00 -0.000000000000000e+00
2.966555084003420e-17 6.387959006906592e-18 -5.367694858137948e-20 -4.471571228684209e-18
2.969808415896290e-17 6.394354444684611e-18 -1.074686432657312e-19 -4.476048035052582e-18
2.975238419248147e-17 6.405027330673583e-18 -1.614902310152667e-19 -4.483519055117633e-18
2.982856798125363e-17 6.419998444968882e-18 -2.158576624312746e-19 -4.493998834945872e-18
2.992679995904641e-17 6.439296971014878e-18 -2.706880983865478e-19 -4.507507802948013e-18
3.004729253292177e-17 6.462960587381904e-18 -3.261003224659367e-19 -4.524072334122839e-18
3.019030683397890e-17 6.491035586426765e-18 -3.822151612051889e-19 -4.543724833119562e-18
3.035615364232490e-17 6.523577020348867e-18 -4.391559141660512e-19 -4.566503836477108e-18
3.054519449072746e-17 6.560648875254482e-18 -4.970487959442811e-19 -4.592454134469108e-18
3.075784295235962e-17 6.602324273978456e-18 -5.560233922805807e-19 -4.621626913079081e-18
3.099456611890215e-17 6.648685708524409e-18 -6.162131325294447e-19 -4.654079916708576e-18
3.125588627626179e-17 6.699825303122079e-18 -6.777557808413659e-19 -4.689877632317314e-18
3.154238278613785e-17 6.755845109029656e-18 -7.407939485278660e-19 -4.729091495784810e-18
3.185469418272705e-17 6.816857432351015e-18 -8.054756302091704e-19 -4.771800121382438e-18
3.219352049496973e-17 6.882985196286237e-18 -8.719547664910396e-19 -4.818089555348789e-18
3.255962580588600e-17 6.954362339382630e-18 -9.403918360809503e-19 -4.868053554665381e-18
3.295384106183656e-17 7.031134251525532e-18 -1.010954480437727e-18 -4.921793892250221e-18
3.337706714581789e-17 7.113458249569558e-18 -1.083818164250820e-18 -4.979420689899661e-18
3.383027823035791e-17 7.201504094702514e-18 -1.159166875271272e-18 -5.041052780443141e-18
3.431452542705266e-17 7.295454553819526e-18 -1.237193867263672e-18 -5.106818100705073e-18
3.483094075144464e-17 7.395506007399103e-18 -1.318102450122865e-18 -5.176854117018070e-18
3.538074142364234e-17 7.501869106583065e-18 -1.402106831498684e-18 -5.251308285178896e-18
3.596523452699057e-17 7.614769482404115e-18 -1.489433014603398e-18 -5.330338546907755e-18
3.658582204909093e-17 7.734448510348930e-18 -1.580319757238050e-18 -5.414113865042440e-18
3.724400633166024e-17 7.861164133714631e-18 -1.675019597471350e-18 -5.502814799887862e-18
3.794139595807109e-17 7.995191749504185e-18 -1.773799951840343e-18 -5.596634129342817e-18
3.867971210993535e-17 8.136825160908211e-18 -1.876944292417425e-18 -5.695777515637233e-18
3.946079542686824e-17 8.286377600755979e-18 -1.984753409610742e-18 -5.800464221747867e-18
4.028661340653638e-17 8.444182830669556e-18 -2.097546768135143e-18 -5.910927880806186e-18
4.115926838530935e-17 8.610596321032956e-18 -2.215663964214199e-18 -6.027417322076762e-18
4.208100614336500e-17 8.785996517303113e-18 -2.339466292757894e-18 -6.150197457374938e-18
4.305422518186726e-17 8.970786198622925e-18 -2.469338434005371e-18 -6.279550232095942e-18
4.408148672399108e-17 9.165393935176060e-18 -2.605690269940114e-18 -6.415775645363232e-18
4.516552549603266e-17 9.370275651228882e-18 -2.748958841676548e-18 -6.559192844157827e-18
4.630926134975392e-17 9.585916301361483e-18 -2.899610459995697e-18 -6.710141296680011e-18
4.751581179238298e-17 9.812831667975598e-18 -3.058142982273855e-18 -6.868982050604849e-18
4.878850549649970e-17 1.005157028881292e-17 -3.225088270219020e-18 -7.036099082344986e-18
5.013089686831225e-17 1.030271552390440e-17 -3.401014844107949e-18 -7.211900743915138e-18
5.154678175970744e-17 1.056688777212056e-17 -3.586530750618215e-18 -7.396821314517274e-18
5.304021441690044e-17 1.084474684829116e-17 -3.782286662879917e-18 -7.591322664524354e-18
5.461552576669688e-17 1.113699453273932e-17 -3.988979233052430e-18 -7.795896040154206e-18
5.627734315022713e-17 1.144437730600554e-17 -4.207354719566082e-18 -8.011063977776269e-18
5.803061162376716e-17 1.176768928256209e-17 -4.438212913185407e-18 -8.237382357511676e-18
5.988061695678367e-17 1.210777535840138e-17 -4.682411388251008e-18 -8.475442606545036e-18
6.183301046897368e-17 1.246553458858069e-17 -4.940870107878912e-18 -8.725874063405733e-18
6.389383586065488e-17 1.284192381207750e-17 -5.214576414542329e-18 -8.989346515366587e-18
6.606955820468272e-17 1.323796154269802e-17 -5.504590440366079e-18 -9.266572922079816e-18
6.836709528316376e-17 1.365473214628085e-17 -5.812050974650315e-18 -9.558312339619501e-18
7.079385146875694e-17 1.409339032606197e-17 -6.138181829636570e-18 -9.865373060237077e-18
7.335775436836311e-17 1.455516593981301e-17 -6.484298749360455e-18 -1.018861598435801e-17
7.606729446679490e-17 1.504136917426896e-17 -6.851816910648135e-18 -1.052895824268118e-17
7.893156802965039e-17 1.555339610441788e-17 -7.242259069935835e-18 -1.088737708768159e-17
8.196032354825612e-17 1.609273466743975e-17 -7.657264414664495e-18 -1.126491407536748e-17
8.516401203549970e-17 1.666097108349244e-17 -8.098598183579002e-18 -1.166267955983046e-17
8.855384150982103e-17 1.725979675815388e-17 -8.568162126391355e-18 -1.208185752495491e-17
9.214183603571125e-17 1.789101570413646e-17 -9.068005879995552e-18 -1.252371077961800e-17
9.594089972325774e-17 1.855655252295225e-17 -9.600339345829557e-18 -1.298958654485523e-17
9.996488612674722e-17 1.925846099051855e-17 -1.016754616112526e-17 -1.348092246378424e-17
1.042286735233403e-16 1.999893329425834e-17 -1.077219836573589e-17 -1.399925306757497e-17
1.087482465979994e-16 2.078030997314400e-17 -1.141707237609529e-17 -1.454621673348020e-17
1.135407851103020e-16 2.160509061632506e-17 -1.210516638870754e-17 -1.512356317387479e-17
1.186247601730988e-16 2.247594538052558e-17 -1.283971934750759e-17 -1.573316149843376e-17
1.240200388327121e-16 2.339572739133230e-17 -1.362423162259106e-17 -1.637700889503381e-17
1.297479977058902e-16 2.436748609881838e-17 -1.446248756229482e-17 -1.705723997868980e-17
1.358316465008947e-16 2.539448166374123e-17 -1.535858009658310e-17 -1.777613686189305e-17
1.422957623292298e-16 2.648020045679154e-17 -1.631693758727925e-17 -1.853614000408549e-17
1.491670358017913e-16 2.762837176017192e-17 -1.734235314009647e-17 -1.933985990276449e-17
1.564742299989688e-16 2.884298576810492e-17 -1.844001661480338e-17 -2.019008969383826e-17
1.642483535098154e-16 3.012831299083748e-17 -1.961554959346984e-17 -2.108981873442876e-17
1.725228488514282e-16 3.148892517530324e-17 -2.087504359276940e-17 -2.204224724733503e-17
1.813337977076250e-16 3.292971786494503e-17 -2.222510183506533e-17 -2.305080211290869e-17
1.907201445666365e-16 3.445593473126203e-17 -2.367288492471537e-17 -2.411915390113667e-17
2.007239404929708e-16 3.607319382063204e-17 -2.522616081110632e-17 -2.525123524441645e-17
2.113906089391550e-16 3.778751587171432e-17 -2.689335945858127e-17 -2.645126065973773e-17
2.227692356918482e-16 3.960535487160520e-17 -2.868363268622617e-17 -2.772374793799102e-17
2.349128852544286e-16 4.153363103273902e-17 -3.060691968771693e-17 -2.907354122779785e-17
2.478789461974430e-16 4.357976638753425e-17 -3.267401879368310e-17 -3.050583595176268e-17
2.617295082611020e-16 4.575172321398658e-17 -3.489666609680049e-17 -3.202620570438756e-17
2.765317742732019e-16 4.805804552296845e-17 -3.728762162373523e-17 -3.364063129318137e-17
2.923585102537937e-16 5.050790385693007e-17 -3.986076380873044e-17 -3.535553209774991e-17
3.092885374183524e-16 5.311114367023054e-17 -4.263119310188112e-17 -3.717779993602720e-17
3.274072701667660e-16 5.587833758343568e-17 -4.561534563170240e-17 -3.911483564228329e-17
3.468073045609139e-16 5.882084182788397e-17 -4.883111793749909e-17 -4.117458857831971e-17
3.675890622523374e-16 6.195085722262538e-17 -5.229800389319934e-17 -4.336559931732600e-17
3.898614953290382e-16 6.528149505375871e-17 -5.603724506196130e-17 -4.569704575941504e-17
4.137428581112810e-16 6.882684825624469e-17 -6.007199585116462e-17 -4.817879295889131e-17
4.393615525471470e-16 7.260206833076509e-17 -6.442750498188624e-17 -5.082144696605147e-17
4.668570545450187e-16 7.662344846312933e-17 -6.913131494706365e-17 -5.363641301076785e-17
4.963809293403684e-16 8.090851335143466e-17 -7.421348131015338e-17 -5.663595838149962e-17
5.280979448355322e-16 8.547611628673328e-17 -7.970681389304325e-17 -5.983328038175859e-17
5.621872927828881e-16 9.034654407658834e-17 -8.564714212049266e-17 -6.324257977659710e-17
5.988439287141494e-16 9.554163044784088e-17 -9.207360703089887e-17 -6.687914017454363e-17
6.382800426615104e-16 1.010848786152079e-16 -9.902898273226662e-17 -7.075941382561990e-17
6.807266739846397e-16 1.070015937565393e-16 -1.065600303812263e-16 -7.490111435401909e-17
7.264354850217020e-16 1.133190261933934e-16 -1.147178880946783e-16 -7.932331698450730e-17
7.756807098409516e-16 1.200665261377307e-16 -1.235585005723150e-16 -8.404656686510693e-17
8.287612960980421e-16 1.272757109320013e-16 -1.331430926179004e-16 -8.909299613515620e-17
8.860032599207497e-16 1.349806457807281e-16 -1.435386912022028e-16 -9.448645043741495e-17
9.477622758712961e-16 1.432180390474737e-16 -1.548187012164944e-16 -1.002526256259395e-16
1.014426526398442e-15 1.520274532716890e-16 -1.670635406280104e-16 -1.064192154778739e-16
1.086419837813962e-15 1.614515331456167e-16 -1.803613413742400e-16 -1.130160712772795e-16
1.164205132741615e-15 1.715362517824815e-16 -1.948087230288045e-16 -1.200753742028656e-16
1.248288232222745e-15 1.823311767035231e-16 -2.105116470457946e-16 -1.276318215189092e-16
1.339222044258273e-15 1.938897570731460e-16 -2.275863602508328e-16 -1.357228276398562e-16
1.437611179564464e-15 2.062696338187811e-16 -2.461604372061058e-16 -1.443887412142211e-16
1.544117039764090e-15 2.195329743847488e-16 -2.663739321442263e-16 -1.536730794522872e-16
1.659463428175182e-15 2.337468339871324e-16 -2.883806523543265e-16 -1.636227810045133e-16
1.784442738858387e-15 2.489835453598586e-16 -3.123495662281521e-16 -1.742884787837858e-16
1.919922785699058e-15 2.653211391096322e-16 -3.384663606487964e-16 -1.857247942138680e-16
2.066854340106796e-15 2.828437969290939e-16 -3.669351640483288e-16 -1.979906544786049e-16
2.226279453493580e-15 3.016423400529359e-16 -3.979804532926606e-16 -2.111496344411983e-16
2.399340649125546e-15 3.218147554790213e-16 -4.318491645935631e-16 -2.252703249989840e-16
2.587291077342170e-15 3.434667626158941e-16 -4.688130309250710e-16 -2.404267297366830e-16
2.791505738600081e-15 3.667124231563690e-16 -5.091711709600194e-16 -2.566986918379055e-16
3.013493890463179e-15 3.916747971137691e-16 -5.532529573749856e-16 -2.741723533105109e-16
3.254912767656344e-15 4.184866480892154e-16 -6.014211955312155e-16 -2.929406486737011e-16
3.517582758789036e-15 4.472912009631226e-16 -6.540756470648014e-16 -3.131038353420592e-16
3.803504199510308e-15 4.782429553178690e-16 -7.116569368543264e-16 -3.347700630214080e-16
4.114875959872381e-15 5.115085579970908e-16 -7.746508862263563e-16 -3.580559845003064e-16
4.454116023778944e-15 5.472677382855966e-16 -8.435933201634550e-16 -3.830874102759778e-16
4.823884280817612e-15 5.857143092457139e-16 -9.190754017555756e-16 -4.100000094897411e-16
5.227107775801601e-15 6.270572387641885e-16 -1.001749553252254e-15 -4.389400596598272e-16
5.667008689280646e-15 6.715217938396465e-16 -1.092336029905909e-15 -4.700652476825890e-16
6.147135353468653e-15 7.193507615636215e-16 -1.191630220430647e-15 -5.035455245192057e-16
6.671396642867895e-15 7.708057501067120e-16 -1.300510756432916e-15 -5.395640158859779e-16
7.244100117766400e-15 8.261685727995849e-16 -1.419948522704528e-15 -5.783179911110126e-16
7.869994342254233e-15 8.857427180819256e-16 -1.551016670929357e-15 -6.200198920984720e-16
8.554315846967054e-15 9.498549076584387e-16 -1.694901751272269e-15 -6.648984240377543e-16
9.302841261042611e-15 1.018856744627540e-15 -1.852916089645591e-15 -7.131997090935589e-16
1.012194519846077e-14 1.093126452608954e-15 -2.026511553355233e-15 -7.651885037951852e-16
1.101866455177694e-14 1.173070705956894e-15 -2.217294864500900e-15 -8.211494801857330e-16
1.200076992213610e-14 1.259126549970685e-15 -2.427044639159793e-15 -8.813885699695210e-16
1.307684499931775e-14 1.351763408559371e-15 -2.657730351255319e-15 -9.462343698772842e-16
1.425637480051262e-14 1.451485175031897e-15 -2.911533443372702e-15 -1.016039605219276e-15
1.554984378277080e-14 1.558832379509240e-15 -3.190870832928712e-15 -1.091182647073738e-15
1.696884496296321e-14 1.674384423821893e-15 -3.498421091371331e-15 -1.172069076715108e-15
1.852620131220114e-14 1.798761871585961e-15 -3.837153606855696e-15 -1.259133288667260e-15
2.023610084067045e-14 1.932628777350068e-15 -4.210361077535920e-15 -1.352840121106317e-15
2.211424695570620e-14 2.076695034168012e-15 -4.621695723706999e-15 -1.453686499161474e-15
2.417802586281578e-14 2.231718713552727e-15 -5.075209653057727e-15 -1.562203072882748e-15
2.644669298871332e-14 2.398508365364195e-15 -5.575399864857217e-15 -1.678955827162489e-15
2.894158063996877e-14 2.577925237609199e-15 -6.127258436661457e-15 -1.804547635595176e-15
3.168632937369550e-14 2.770885367193412e-15 -6.736328501850231e-15 -1.939619724003861e-15
3.470714585127006e-14 2.978361482145956e-15 -7.408766698838530e-15 -2.084853001997334e-15
3.803309027622971e-14 3.201384643472204e-15 -8.151412854089682e-15 -2.240969212267064e-15
4.169639688767645e-14 3.441045540294306e-15 -8.971867752175655e-15 -2.408731837185555e-15
4.573283139555212e-14 3.698495334962320e-15 -9.878579948263223e-15 -2.588946690384124e-15
5.018208970960278e-14 3.974945934973116e-15 -1.088094269290943e-14 -2.782462107096133e-15
5.508824283594452e-14 4.271669545368789e-15 -1.198940216744197e-14 -2.990168630835883e-15
6.050023340073262e-14 4.589997328269780e-15 -1.321557837215176e-14 -3.212998075071814e-15
6.647242991754285e-14 4.931316964745388e-15 -1.457240017098011e-14 -3.451921816535892e-15
7.306524565232876e-14 5.297068877629548e-15 -1.607425617744401e-14 -3.707948151194702e-15
8.034582976722893e-14 5.688740831366303e-15 -1.773716336963034e-14 -3.982118514141337e-15
8.838883935322339e-14 6.107860575603556e-15 -1.957895554990816e-14 -4.275502330111117e-15
9.727730200410798e-14 6.555986141987615e-15 -2.161949402056170e-14 -4.589190221237885e-15
1.071035797547222e-13 7.034693337247181e-15 -2.388090313327343e-14 -4.924285252212947e-15
1.179704465205399e-13 7.545559898797189e-15 -2.638783369207428e-14 -5.281891839207948e-15
1.299922926514949e-13 8.090145690149409e-15 -2.916775755032683e-14 -5.663101886662534e-15
1.432964718704959e-13 8.669968210569802e-15 -3.225129714737346e-14 -6.068977644044786e-15
1.580248077287192e-13 9.286472574549842e-15 -3.567259418499722e-14 -6.500530691481510e-15
1.743352788012307e-13 9.940994979376843e-15 -3.946972215397166e-14 -6.958696367057895e-15
1.924039041961785e-13 1.063471852062024e-14 -4.368514799349901e-14 -7.444302837658441e-15
2.124268535908190e-13 1.136862003252684e-14 -4.836624880890385e-14 -7.958033887244277e-15
2.346228089743522e-13 1.214340641951418e-14 -5.356589029420776e-14 -8.500384348899241e-15
2.592356086116305e-13 1.295943870200296e-14 -5.934307431581125e-14 -9.071606936913525e-15
2.865372074890205e-13 1.381664171996131e-14 -6.576366402228411e-14 -9.671649039265712e-15
3.168309927156597e-13 1.471439711528309e-14 -7.290119586540960e-14 -1.030007780528888e-14
3.504554970883772e-13 1.565141684324608e-14 -8.083778906287811e-14 -1.095599160369283e-14
3.877885593514575e-13 1.662559403660001e-14 -8.966516431862335e-14 -1.163791562742748e-14
4.292519856673120e-13 1.763382755514661e-14 -9.948578506011001e-14 -1.234367907839102e-14
4.753167735435438e-13 1.867181598959515e-14 -1.104141360722209e-13 -1.307027097013121e-14
5.265089670288183e-13 1.973381624025845e-14 -1.225781562264447e-13 -1.381367113293549e-14
5.834162204997604e-13 2.081236104653650e-14 -1.361208440463349e-13 -1.456865248447288e-14
6.466951579311575e-13 2.189792898803612e-14 -1.512020571429286e-13 -1.532855003058163e-14
7.170796253058760e-13 2.297855949657263e-14 -1.680005291279159e-13 -1.608499137367506e-14
7.953899459272986e-13 2.403940429177683e-14 -1.867161305020263e-13 -1.682758271767175e-14
8.825433020155415e-13 2.506220536065832e-14 -2.075724032603549e-13 -1.754354345369606e-14
9.795653812878057e-13 2.602468811924133e-14 -2.308194025984212e-13 -1.821728137323047e-14
1.087603444455485e-12 2.689985669487561e-14 -2.567368831911621e-13 -1.882989936574164e-14
1.207940988959155e-12 2.765517631984514e-14 -2.856378721071611e-13 -1.935862309421621e-14
1.342014206071961e-12 2.825162559455857e-14 -3.178726755722136e-13 -1.977613757940538e-14
1.491430453042904e-12 2.864259882132036e-14 -3.538333725801054e-13 -2.004981883347787e-14
1.657988989559393e-12 2.877263568070843e-14 -3.939588548397136e-13 -2.014084463349936e-14
1.843704258874684e-12 2.857595216897539e-14 -4.387404798341492e-13 -2.000316617763088e-14
2.050832028897441e-12 2.797474287588490e-14 -4.887284119450208e-13 -1.958231967963451e-14
2.281898747870511e-12 2.687722028900228e-14 -5.445387357728678e-13 -1.881405388190016e-14
2.539734513518423e-12 2.517535178373847e-14 -6.068614360840248e-13 -1.762274594850335e-14
2.827510104339397e-12 2.274224920862444e-14 -6.764693503719962e-13 -1.591957417492837e-14
3.148778577745645e-12 1.942915939979916e-14 -7.542282129889742e-13 -1.360041134824578e-14
3.507522002806112e-12 1.506199644093635e-14 -8.411079243538356e-13 -1.054339732910245e-14
3.908203966287801e-12 9.437347891619325e-15 -9.381951950661223e-13 -6.606143411631573e-15
4.355828570517467e-12 2.317877387121009e-15 -1.046707733066565e-12 -1.622514143353454e-15
4.856006731411866e-12 -6.572965206998193e-15 -1.168010162525156e-12 4.601075566542884e-15
5.415030686089459e-12 -1.755702771753561e-14 -1.303631886173419e-12 1.228991919297885e-14
6.039957733200807e-12 -3.100844993065461e-14 -1.455287128632875e-12 2.170591458180870e-14
6.738704357064949e-12 -4.736170117958324e-14 -1.624897427259845e-12 3.315319026111279e-14
7.520152030664938e-12 -6.712081330222018e-14 -1.814616869507228e-12 4.698456851141168e-14
8.394266154527009e-12 -9.086998278396382e-14 -2.026860412215650e-12 6.360898686552006e-14
9.372229770734084e-12 -1.192857407348970e-13 -2.264335659061093e-12 8.350001709243109e-14
1.046659389633103e-11 -1.531509176780855e-13 -2.530078518130105e-12 1.072056405489586e-13
1.169144655100270e-11 -1.933706624312006e-13 -2.827493212854869e-12 1.353594613966825e-13
1.306260281333167e-11 -2.409908111973150e-13 -3.160397176974963e-12 1.686935649652862e-13
1.459781853176066e-11 -2.972189449674865e-13 -3.533071428536376e-12 2.080532579341146e-13
1.631703064460976e-11 -3.634485211878125e-13 -3.950317090008004e-12 2.544139604988247e-13
1.824262743265683e-11 -4.412865201629848e-13 -4.417518802307847e-12 3.089005588535441e-13
2.039975244296268e-11 -5.325851087727280e-13 -4.940715870906841e-12 3.728095697920003e-13
2.281664628948845e-11 -6.394778948047110e-13 -5.526682083351171e-12 4.476345187401272e-13
2.552503106104889e-11 -7.644214257374515e-13 -6.183015250792503e-12 5.350949889036026e-13
2.856054265742802e-11 -9.102426774751452e-13 -6.918237652848785e-12 6.371698633816634e-13
3.196321703810495e-11 -1.080193382859386e-12 -7.741908706910608e-12 7.561353551246616e-13
3.577803711411147e-11 -1.278012168480425e-12 -8.664751341633377e-12 8.946085027012050e-13
4.005554785213418e-11 -1.507995603328792e-12 -9.698793731749418e-12 1.055596904353446e-12
4.485254810252999e-11 -1.775079416374822e-12 -1.085752824969030e-11 1.242555570301779e-12
5.023286872222868e-11 -2.084931314740139e-12 -1.215608971125576e-11 1.459451895463779e-12
5.626824775380922e-11 -2.444057032558858e-12 -1.361145524038353e-11 1.710839893655770e-12
6.303931475949779e-11 -2.859921466125479e-12 -1.524266835498426e-11 2.001944992194915e-12
7.063669791136697e-11 -3.341087007114093e-12 -1.707109018512231e-11 2.338760865151005e-12
7.916226912688823e-11 -3.897371476636209e-12 -1.912068108027632e-11 2.728159987185058e-12
8.873054443468930e-11 -4.540028393318002e-12 -2.141831624808740e-11 3.178019821201245e-12
9.947025888427646e-11 -5.281952683669095e-12 -2.399413949748279e-11 3.697366815602584e-12
1.115261377040460e-10 -6.137915368720081e-12 -2.688195963943625e-11 4.296540684934404e-12
1.250608880955994e-10 -7.124831243907942e-12 -3.011969463444807e-11 4.987381785800952e-12
1.402574390650664e-10 -8.262064117072720e-12 -3.374986917340651e-11 5.783444783459425e-12
1.573214600733905e-10 -9.571774790726085e-12 -3.782017204468105e-11 6.700242239403812e-12
1.764841930818589e-10 -1.107931767910885e-11 -4.238408038274037e-11 7.755522243300436e-12
1.980056368263003e-10 -1.281369274884484e-11 -4.750155872073685e-11 8.969584771440263e-12
2.221781269292335e-10 -1.480806037651294e-11 -5.323984169076464e-11 1.036564208703323e-11
2.493303608156033e-10 -1.710032774100394e-11 -5.967431024111791e-11 1.197022921485096e-11
2.798319224044349e-10 -1.973381652872038e-11 -6.688947238134363e-11 1.381367133485885e-11
3.140983682834120e-10 -2.275802304307886e-11 -7.498006073580199e-11 1.593061585885842e-11
3.525969446227696e-10 -2.622948329617407e-11 -8.405226059872032e-11 1.836063799464204e-11
3.958530125456002e-10 -3.021275734211280e-11 -9.422508375362617e-11 2.114892977931483e-11
4.444572691525674e-10 -3.478154901354771e-11 -1.056319050646505e-10 2.434708389485502e-11
4.990738620197612e-10 -4.001997937345109e-11 -1.184221807848630e-10 2.801398508434043e-11
5.604495068847181e-10 -4.602403462496249e-11 -1.327633696782756e-10 3.221682368882450e-11
6.294237315566645e-10 -5.290321196877584e-11 -1.488430804397144e-10 3.703224774748766e-11
7.069403840007553e-10 -6.078239000009031e-11 -1.668714715452798e-10 4.254767227548066e-11
7.940605592390431e-10 -6.980395374059577e-11 -1.870839326027436e-10 4.886276678628907e-11
8.919771183900737e-10 -8.013020835569645e-11 -2.097440795255493e-10 5.609114489376100e-11
1.002030994067126e-09 -9.194612006994715e-11 -2.351470994590269e-10 6.436228295287984e-11
1.125729499728722e-09 -1.054624278278863e-10 -2.636234853784693e-10 7.382369822231027e-11
1.264766886710376e-09 -1.209191749242762e-10 -2.955432046948014e-10 8.464342100552444e-11
1.421047421885239e-09 -1.385897162272004e-10 -3.313203510880554e-10 9.701279970692210e-11
1.596711291552675e-09 -1.587852638284006e-10 -3.714183341870603e-10 1.111496827870126e-10
1.794163673638724e-09 -1.818600420782807e-10 -4.163556676780979e-10 1.273020272868558e-10
2.016107361042203e-09 -2.082171321094633e-10 -4.667124230095038e-10 1.457519899944827e-10
2.265579364465437e-09 -2.383150962481674e-10 -5.231374231245450e-10 1.668205645327798e-10
2.545991973867362e-09 -2.726754842967161e-10 -5.863562586663101e-10 1.908728357571562e-10
2.861178814368936e-09 -3.118913366994904e-10 -6.571802179270084e-10 2.183239319716088e-10
3.215446495688488e-09 -3.566368142528898e-10 -7.365162315363233e-10 2.496457657255807e-10
3.613632524727963e-09 -4.076781004823750e-10 -8.253779435833208e-10 2.853746654777608e-10
4.061170229582876e-09 -4.658857413033169e-10 -9.248980326330320e-10 3.261200133585310e-10
4.564161530913388e-09 -5.322486073492144e-10 -1.036341919029184e-09 3.725740187995523e-10
5.129458494298441e-09 -6.078896876613916e-10 -1.161123009074553e-09 4.255227741163643e-10
5.764754705989298e-09 -6.940839495867666e-10 -1.300819642258322e-09 4.858587564366112e-10
6.478687635636689e-09 -7.922785290623689e-10 -1.457193924782616e-09 5.545949608989622e-10
7.280953284406499e-09 -9.041155483445749e-10 -1.632212651349187e-09 6.328808730633052e-10
8.182434566945846e-09 -1.031457895083954e-09 -1.828070537646078e-09 7.220205142628318e-10
9.195345042557685e-09 -1.176418337911188e-09 -2.047216008367835e-09 8.234928225138325e-10
1.033338979649367e-08 -1.341392399893028e-09 -2.292379810063832e-09 9.389746639344763e-10
1.161194547852990e-08 -1.529095462909648e-09 -2.566606744811359e-09 1.070366805808515e-09
1.304826173511441e-08 -1.742604633816294e-09 -2.873290849816993e-09 1.219823222897940e-09
1.466168652587329e-08 -1.985405967885111e-09 -3.216214379759494e-09 1.389784153851695e-09
1.647391809774433e-08 -2.261447717235941e-09 -3.599590983176241e-09 1.583013375106601e-09
1.850928670351886e-08 -2.575200352619617e-09 -4.028113501684184e-09 1.802640216134951e-09
2.079506949930225e-08 -2.931724196945576e-09 -4.507006861511699e-09 2.052206902913028e-09
2.336184244094253e-08 -3.336745609388218e-09 -5.042086570920475e-09 2.335721886794645e-09
2.624387342679189e-08 -3.796742770915713e-09 -5.639823384849834e-09 2.657719894380298e-09
2.947956140751348e-08 -4.319042246918824e-09 -6.307414749736635e-09 3.023329521356181e-09
3.311192670779196e-08 -4.911927641675346e-09 -7.052863697193279e-09 3.438349290618002e-09
3.718915838492571e-08 -5.584761814203574e-09 -7.885065915296292e-09 3.909333203366953e-09
4.176522509106368e-08 -6.348124297328223e-09 -8.813905790884346e-09 4.443686932454217e-09
4.690055661548772e-08 -7.213965753360464e-09 -9.850362285709807e-09 5.049775941355151e-09
5.266280406766509e-08 -8.195781512727832e-09 -1.100662558375972e-08 5.737046961208154e-09
5.912768752824428e-08 -9.308806478424637e-09 -1.229622552676982e-08 6.516164423927625e-09
6.637994095179755e-08 -1.057023394174010e-08 -1.373417294007704e-08 7.399163633211063e-09
7.451436516089744e-08 -1.199946114607446e-08 -1.533711504168174e-08 8.399622659207396e-09
8.363700093558334e-08 -1.361836475870432e-08 -1.712350622383051e-08 9.532855168749467e-09
9.386643548610125e-08 -1.545160976836175e-08 -1.911379559870998e-08 1.081612665365569e-08
1.053352570112801e-07 -1.752699572294906e-08 -2.133063280797758e-08 1.226889679712627e-08
1.181916736026895e-07 -1.987584466050652e-08 -2.379909370987154e-08 1.391309102541603e-08
1.326013144692256e-07 -2.253343557186523e-08 -2.654692767743037e-08 1.577340463168617e-08
1.487492333427133e-07 -2.553949076983076e-08 -2.960482836674524e-08 1.787764323442708e-08
1.668421359985986e-07 -2.893872013226458e-08 -3.300672994492175e-08 2.025710374760878e-08
1.871108561038983e-07 -3.278142984043569e-08 -3.679013090310312e-08 2.294700049751989e-08
2.098131061062458e-07 -3.712420295542846e-08 -4.099644772001681e-08 2.598694162624494e-08
2.352365326231301e-07 -4.203065997055356e-08 -4.567140078530103e-08 2.942146147834298e-08
2.637021088015034e-07 -4.757230835358389e-08 -5.086543513852165e-08 3.330061528040262e-08
2.955678994179609e-07 -5.382949105662216e-08 -5.663417872809304e-08 3.768064309793797e-08
3.312332381047445e-07 -6.089244503168190e-08 -6.303894104301144e-08 4.262471079628282e-08
3.711433600437041e-07 -6.886248195523688e-08 -7.014725511762062e-08 4.820373654776106e-08
4.157945377991987e-07 -7.785330464457244e-08 -7.803346605367140e-08 5.449731232311699e-08
4.657397726927503e-07 -8.799247405273547e-08 -8.677936934221431e-08 6.159473078796281e-08
5.215950992920947e-07 -9.942304326827049e-08 -9.647490239774683e-08 6.959612910257430e-08
5.840465662299140e-07 -1.123053766320850e-07 -1.072188928349349e-07 7.861376230367512e-08
6.538579627245745e-07 -1.268191739296665e-07 -1.191198671207694e-07 8.877342023896421e-08
7.318793668850808e-07 -1.431657216351915e-07 -1.322969233171464e-07 1.002160034379657e-07
8.190565991930678e-07 -1.615703953896948e-07 -1.468806716860483e-07 1.130992748467171e-07
9.164416725108304e-07 -1.822854403030678e-07 -1.630142469553511e-07 1.275998060391357e-07
1.025204338617941e-06 -2.055930582956018e-07 -1.808543960312512e-07 1.439151383560610e-07
1.146644840683429e-06 -2.318088345561459e-07 -2.005726448856370e-07 1.622661814259255e-07
1.282207991292329e-06 -2.612855383087661e-07 -2.223565482345529e-07 1.828998737013699e-07
1.433498706725314e-06 -2.944173364672474e-07 -2.464110254473059e-07 2.060921320173451e-07
1.602299140200988e-06 -3.316444624368939e-07 -2.729597858733690e-07 2.321511197523156e-07
1.790587569801282e-06 -3.734583863173758e-07 -3.022468464335886e-07 2.614208659701922e-07
2.000559210878172e-06 -4.204075370902875e-07 -3.345381438784450e-07 2.942852709515529e-07
2.234649137964283e-06 -4.731036320648890e-07 -3.701232435540824e-07 3.311725368055875e-07
2.495557517653298e-06 -5.322286739282240e-07 -4.093171458177371e-07 3.725600654050966e-07
2.786277371662738e-06 -5.985426812271250e-07 -4.524621903885168e-07 4.189798697238027e-07
3.110125108426414e-06 -6.728922240253516e-07 -4.999300578850471e-07 4.710245487962457e-07
3.470774082173811e-06 -7.562198428557629e-07 -5.521238665633297e-07 5.293538809841910e-07
3.872291460629815e-06 -8.495744359520856e-07 -6.094803607989436e-07 5.947020950387434e-07
4.319178706307807e-06 -9.541227071260165e-07 -6.724721861275785e-07 6.678858836141826e-07
4.816416001964347e-06 -1.071161774580030e-06 -7.416102436327478e-07 7.498132294367773e-07
5.369510978244057e-06 -1.202133049444940e-06 -8.174461141141636e-07 8.414931202809151e-07
5.984552130952551e-06 -1.348637501928123e-06 -9.005745397416142e-07 9.440462352726742e-07
6.668267346883046e-06 -1.512452442687174e-06 -9.916359477571530e-07 1.058716691851184e-06
7.428087990771087e-06 -1.695549957427005e-06 -1.091318997181265e-06 1.186884949986373e-06
8.272219041871101e-06 -1.900117143783250e-06 -1.200363125354529e-06 1.330081977997114e-06
9.209715806966934e-06 -2.128578311331749e-06 -1.319561066451370e-06 1.490004792557594e-06
1.025056777740463e-05 -2.383619318065631e-06 -1.449761308767686e-06 1.668533494230985e-06
1.140579024113138e-05 -2.668214229942699e-06 -1.591870451551094e-06 1.867749929152297e-06
1.268752430678093e-05 -2.985654504131124e-06 -1.746855415329564e-06 2.089958117300011e-06
1.410914604571090e-05 -3.339580911397766e-06 -1.915745452030717e-06 2.337706598167529e-06
1.568538550961998e-05 -3.734018428691375e-06 -2.099633892579444e-06 2.613812855570994e-06
1.743245643607918e-05 -4.173414349388569e-06 -2.299679560031010e-06 2.921389994821022e-06
1.936819751202746e-05 -4.662679875881528e-06 -2.517107765537196e-06 3.263875857533594e-06
2.151222612614883e-05 -5.207235477204786e-06 -2.753210792460178e-06 3.645064771968266e-06
2.388610560501333e-05 -5.813060313183803e-06 -3.009347760619381e-06 4.069142149931583e-06
2.651352699510595e-05 -6.486746046151207e-06 -3.286943747880920e-06 4.540722154977806e-06
2.942050652328366e-05 -7.235555381553839e-06 -3.587488029938100e-06 5.064888680833146e-06
3.263559994186936e-05 -8.067485699739124e-06 -3.912531281062844e-06 5.647239893645463e-06
3.619013504151466e-05 -8.991338162810302e-06 -4.263681558698029e-06 6.293936606782108e-06
4.011846369501373e-05 -1.001679270258528e-05 -4.642598872853463e-06 7.011754772400223e-06
4.445823487850053e-05 -1.115448931833131e-05 -5.050988117232263e-06 7.808142389860042e-06
4.925069020266685e-05 -1.241611613593788e-05 -5.490590112674315e-06 8.691281147144877e-06
5.454098357581947e-05 -1.381450470344899e-05 -5.963170484717212e-06 9.670153127732568e-06
6.037852671244777e-05 -1.536373302122616e-05 -6.470506065659262e-06 1.075461293170834e-05
6.681736229545128e-05 -1.707923682833080e-05 -7.014368477312692e-06 1.195546557623119e-05
7.391656669684479e-05 -1.897792968976377e-05 -7.596504513462620e-06 1.328455055660008e-05
8.174068426052171e-05 -2.107833245181469e-05 -8.218612900747514e-06 1.475483246499698e-05
9.036019525098779e-05 -2.340071265466796e-05 -8.882316973051983e-06 1.638049857930934e-05
9.985201967360712e-05 -2.596723451234377e-05 -9.589132747393340e-06 1.817706384908708e-05
1.103000592742813e-04 -2.880212008969356e-05 -1.034043183850628e-05 2.016148371943747e-05
1.217957801291366e-04 -3.193182232419119e-05 -1.113739859472233e-05 2.235227524627685e-05
1.344388383369812e-04 -3.538521055624861e-05 -1.198098077912584e-05 2.476964696754944e-05
1.483377514287068e-04 -3.919376924541094e-05 -1.287183305722668e-05 2.743563800456152e-05
1.636106182070531e-04 -4.339181056042709e-05 -1.381025248532006e-05 3.037426687502827e-05
1.803858898271831e-04 -4.801670153854409e-05 -1.479610512224870e-05 3.361169050457718e-05
1.988031950215818e-04 -5.310910651267299e-05 -1.582874281126073e-05 3.717637392576120e-05
2.190142224617409e-04 -5.871324550394914e-05 -1.690690909805223e-05 4.109927115284797e-05
2.411836633318125e-04 -6.487716927074412e-05 -1.802863316574887e-05 4.541401771612476e-05
2.654902172657514e-04 -7.165305169296634e-05 -1.919111057757505e-05 5.015713533090550e-05
2.921276648672383e-04 -7.909750015152399e-05 -2.039056952320523e-05 5.536824916315111e-05
3.213060100899645e-04 -8.727188453645196e-05 -2.162212116537943e-05 6.109031813515444e-05
3.532526958028687e-04 -9.624268548248820e-05 -2.287959257935711e-05 6.736987869043953e-05
3.882138958992707e-04 -1.060818623869858e-04 -2.415534066933382e-05 7.425730240629570e-05
4.264558873285446e-04 -1.168672417109277e-04 -2.544004533324097e-05 8.180706780448333e-05
4.682665054320792e-04 -1.286829259984326e-04 -2.672248003062994e-05 9.007804666488280e-05
5.139566859507665e-04 -1.416197239726896e-04 -2.798925778802210e-05 9.913380509264404e-05
5.638620970348093e-04 -1.557756019750029e-04 -2.922455055242489e-05 1.090429195255122e-04
6.183448645295972e-04 -1.712561569083645e-04 -3.040977967741308e-05 1.198793077943227e-04
6.777953937276562e-04 -1.881751107254444e-04 -3.152327519758639e-05 1.317225752645889e-04
7.426342906664991e-04 -2.066548263625784e-04 -3.253990141720746e-05 1.446583759902874e-04
8.133143859129024e-04 -2.268268448648983e-04 -3.343064620816568e-05 1.587787887014421e-04
8.903228636010915e-04 -2.488324432713131e-04 -3.416217128192918e-05 1.741827073236053e-04
9.741834982862869e-04 -2.728232126312253e-04 -3.469632057104685e-05 1.909762455895516e-04
1.065459001930365e-03 -2.989616553054824e-04 -3.498958372908213e-05 2.092731551499370e-04
1.164753483051653e-03 -3.274218004611666e-04 -3.499251163500324e-05 2.291952564196446e-04
1.272715019744926e-03 -3.583898364025385e-04 -3.464908067054295e-05 2.508728812094371e-04
1.390038347903738e-03 -3.920647580863400e-04 -3.389600242837380e-05 2.744453259866619e-04
1.517467665557579e-03 -4.286590278489163e-04 -3.266197540711254e-05 3.000613143842276e-04
1.655799553764802e-03 -4.683992470230138e-04 -3.086687515802535e-05 3.278794673323555e-04
1.805886013977268e-03 -5.115268357428769e-04 -2.842087927006556e-05 3.580687789221388e-04
1.968637621213363e-03 -5.582987178268435e-04 -2.522352351692314e-05 3.908090958233511e-04
2.145026791736656e-03 -6.089880071851390e-04 -2.116268544458615e-05 4.262915977698945e-04
2.336091163240417e-03 -6.638846917275925e-04 -1.611349165332773e-05 4.647192762951925e-04
2.542937084777456e-03 -7.232963102397828e-04 -9.937145026901104e-06 5.063074085454840e-04
2.766743212849413e-03 -7.875486171565031e-04 -2.479668187255251e-06 5.512840226212410e-04
3.008764209183644e-03 -8.569862295898448e-04 6.429440491383769e-06 5.998903504968193e-04
3.270334534766192e-03 -9.319732503622261e-04 1.697864188624604e-05 6.523812641435713e-04
3.552872333681386e-03 -1.012893860157398e-03 2.937588559842129e-05 7.090256900355427e-04
3.857883399214149e-03 -1.100152871230332e-03 4.385023717740961e-05 7.701069967463879e-04
4.186965213520071e-03 -1.194176234416662e-03 6.065360616859448e-05 8.359233498559736e-04
4.541811050938528e-03 -1.295411490448867e-03 8.006257779224355e-05 9.067880278716983e-04
4.924214133740914e-03 -1.404328155828305e-03 1.023803507465758e-04 9.830296923389176e-04
5.336071827750893e-03 -1.521418032716157e-03 1.279387832529446e-04 1.064992604764594e-03
5.779389863860829e-03 -1.647195431498118e-03 1.571005490235406e-04 1.153036782412583e-03
6.256286569998961e-03 -1.782197293850313e-03 1.902614043267397e-04 1.247538084449772e-03
6.768997096573146e-03 -1.926983203289000e-03 2.278525667471132e-04 1.348888219330870e-03
7.319877616846454e-03 -2.082135269332513e-03 2.703432055818437e-04 1.457494663711773e-03
7.911409482078684e-03 -2.248257870541305e-03 3.182430430776258e-04 1.573780482577591e-03
8.546203309611575e-03 -2.425977240839304e-03 3.721050648875756e-04 1.698184039667610e-03
9.227002980391046e-03 -2.615940882663280e-03 4.325283372114955e-04 1.831158586679851e-03
9.956689520708453e-03 -2.818816789641691e-03 5.001609270704148e-04 1.973171719146269e-03
1.073828484122434e-02 -3.035292460681348e-03 5.757029210535333e-04 2.124704686293438e-03
1.157495530460876e-02 -3.266073686543839e-03 6.599095366580328e-04 2.286251541646055e-03
1.247001509142363e-02 -3.511883089239250e-03 7.535943190167409e-04 2.458318120602567e-03
1.342692933216670e-02 -3.773458393853851e-03 8.576324143704801e-04 2.641420830714566e-03
1.444931697174447e-02 -4.051550411782982e-03 9.729639100899822e-04 2.836085239949843e-03
1.554095333101409e-02 -4.346920713759704e-03 1.100597229382005e-03 3.042844447812460e-03
1.670577232849536e-02 -4.660338970580786e-03 1.241612567026250e-03 3.262237223850980e-03
1.794786832386572e-02 -4.992579939032021e-03 1.397165350579561e-03 3.494805897806224e-03
1.927149754347960e-02 -5.344420070233283e-03 1.568489709454572e-03 3.741093985452847e-03
2.068107904688235e-02 -5.716633717465454e-03 1.756901932128997e-03 4.001643534078233e-03
2.218119519215708e-02 -6.109988920528114e-03 1.963803889472645e-03 4.276992171532936e-03
2.377659155694985e-02 -6.525242743819825e-03 2.190686399791811e-03 4.567669842886922e-03
2.547217627120173e-02 -6.963136145654151e-03 2.439132508690809e-03 4.874195218950854e-03
2.727301871699923e-02 -7.424388356843324e-03 2.710820654242283e-03 5.197071761284720e-03
2.918434755051498e-02 -7.909690747304373e-03 3.007527685243758e-03 5.536783428822200e-03
3.121154800084290e-02 -8.419700160409174e-03 3.331131697532178e-03 5.893790011915774e-03
3.336015840057647e-02 -8.955031696007719e-03 3.683614650431496e-03 6.268522080453106e-03
3.563586590332342e-02 -9.516250924541515e-03 4.067064722438425e-03 6.661375533736510e-03
3.804450134395636e-02 -1.010386551643583e-02 4.483678362213382e-03 7.072705741057617e-03
4.059203319835636e-02 -1.071831627305482e-02 4.935761987860179e-03 7.502821263366085e-03
4.328456060062674e-02 -1.135996754791433e-02 5.425733284351412e-03 7.951977148118667e-03
4.612830537741436e-02 -1.202909704963663e-02 5.956122045824584e-03 8.420367791347630e-03
4.912960306088426e-02 -1.272588502126436e-02 6.529570506330035e-03 8.908119363180684e-03
5.229489284429790e-02 -1.345040279411015e-02 7.148833099508554e-03 9.415281795535807e-03
5.563070644684787e-02 -1.420260071826606e-02 7.816775584609890e-03 9.941820333478046e-03
5.914365585754978e-02 -1.498229547629075e-02 8.536373473279103e-03 1.048760665480065e-02
6.284041993156271e-02 -1.578915679143954e-02 9.310709688660082e-03 1.105240956578626e-02
6.672772981626553e-02 -1.662269354711141e-02 1.014297138562150e-02 1.163588528482004e-02
7.081235318882100e-02 -1.748223933998861e-02 1.103644585834259e-02 1.223756732958750e-02
7.510107729179578e-02 -1.836693749564944e-02 1.199451545913993e-02 1.285685602800365e-02
7.960069075863684e-02 -1.927572558224869e-02 1.302065145030730e-02 1.349300767778953e-02
8.431796422646770e-02 -2.020731946520530e-02 1.411840670893002e-02 1.414512338475369e-02
8.925962973979673e-02 -2.116019695373401e-02 1.529140720317529e-02 1.481213761536461e-02
9.443235895512493e-02 -2.213258109846868e-02 1.654334215747593e-02 1.549280650508715e-02
9.984274016339385e-02 -2.312242320843278e-02 1.787795282341514e-02 1.618569597026218e-02
1.054972541543852e-01 -2.412738566513867e-02 1.929901977299886e-02 1.688916967797622e-02
1.114022489547387e-01 -2.514482462169037e-02 2.081034863145685e-02 1.760137693543359e-02
1.175639134792206e-01 -2.617177268543386e-02 2.241575416782605e-02 1.832024056781186e-02
1.239882501429001e-01 -2.720492169385781e-02 2.411904266335452e-02 1.904344486139253e-02
1.306810464904176e-01 -2.824060570520069e-02 2.592399248038348e-02 1.976842365698623e-02
1.376478459070274e-01 -2.927478433743222e-02 2.783433275781386e-02 2.049234868721993e-02
1.448939174849522e-01 -3.030302660202598e-02 2.985372016370690e-02 2.121211826017796e-02
1.524242251273454e-01 -3.132049539210152e-02 3.198571364102721e-02 2.192434640110166e-02
1.602433959811553e-01 -3.232193279814092e-02 3.423374708918007e-02 2.262535257339118e-02
1.683556882990482e-01 -3.330164643845524e-02 3.660109993187464e-02 2.331115210993211e-02
1.767649588394669e-01 -3.425349700589322e-02 3.909086553111431e-02 2.397744749579175e-02
1.854746299224483e-01 -3.517088724679979e-02 4.170591741782716e-02 2.461962065349020e-02
1.944876562676294e-01 -3.604675260300950e-02 4.444887332207283e-02 2.523272639239587e-02
2.038064917487927e-01 -3.687355376238557e-02 4.732205699979844e-02 2.581148719410288e-02
2.134330562075354e-01 -3.764327137823206e-02 5.032745786918352e-02 2.635028951601968e-02
2.233687024759257e-01 -3.834740323244085e-02 5.346668848759378e-02 2.684318180557193e-02
2.336141837651618e-01 -3.897696413151577e-02 5.674093992040673e-02 2.728387442741942e-02
2.441696215837044e-01 -3.952248883836095e-02 6.015093507552510e-02 2.766574171570789e-02
2.550344743541258e-01 -3.997403835574707e-02 6.369688010243209e-02 2.798182637249528e-02
2.662075069031424e-01 -4.032120988946591e-02 6.737841398237676e-02 2.822484644195986e-02
2.776867610035154e-01 -4.055315083001620e-02 7.119455646677532e-02 2.838720509758011e-02
2.894695271501981e-01 -4.065857710100650e-02 7.514365455445708e-02 2.846100348601654e-02
3.015523177555109e-01 -4.062579622983394e-02 7.922332773495463e-02 2.843805687658653e-02
3.139308419496752e-01 -4.044273550128712e-02 8.343041226487745e-02 2.830991436878600e-02
3.265999821739848e-01 -4.009697555709164e-02 8.776090478772082e-02 2.806788241197095e-02
3.395537727527899e-01 -3.957578980335606e-02 9.220990565395881e-02 2.770305239056907e-02
3.527853806291603e-01 -3.886618998307153e-02 9.677156234848763e-02 2.720633252482898e-02
3.662870884461676e-01 -3.795497826142172e-02 1.014390134860632e-01 2.656848433053661e-02
3.800502801515345e-01 -3.682880615700949e-02 1.062043338923435e-01 2.578016387087306e-02
3.940654292979514e-01 -3.547424063143918e-02 1.110584813483558e-01 2.483196801912153e-02
4.083220902050758e-01 -3.387783762216535e-02 1.159912456395575e-01 2.371448593166045e-02
4.228088921407969e-01 -3.202622326809430e-02 1.209912006164053e-01 2.241835590588367e-02
4.375135366707063e-01 -2.990618303330244e-02 1.260456600415568e-01 2.093432776680222e-02
4.524227983136557e-01 -2.750475888017054e-02 1.311406380681928e-01 1.925333088823710e-02
4.675225286299060e-01 -2.480935457832794e-02 1.362608152642392e-01 1.736654790907901e-02
4.827976638554234e-01 -2.180784915885525e-02 1.413895111670199e-01 1.526549415122886e-02
4.982322361813245e-01 -1.848871843310316e-02 1.465086644207866e-01 1.294210268276951e-02
5.138093887623689e-01 -1.484116439132151e-02 1.515988216143190e-01 1.038881489700459e-02
5.295113945222436e-01 -1.085525217694946e-02 1.566391359953519e-01 7.598676394459936e-03
5.453196788052743e-01 -6.522054197134584e-03 1.616073772904377e-01 4.565437860245264e-03
5.612148459066517e-01 -1.833800778211327e-03 1.664799539011620e-01 1.283660522887320e-03
5.771767094932378e-01 3.215963393946158e-03 1.712319487765543e-01 -2.251174337425039e-03
5.931843269078679e-01 8.632217994518018e-03 1.758371702747501e-01 -6.042552493258555e-03
6.092160373286765e-01 1.441830208936907e-02 1.802682193198901e-01 -1.009281129067879e-02
6.252495037347473e-01 2.057574683952992e-02 1.844965741299142e-01 -1.440302254238893e-02
6.412617586070118e-01 2.710410747792544e-02 1.884926937320906e-01 -1.897287491144167e-02
6.572292532723999e-01 3.400079639864828e-02 1.922261413924530e-01 -2.380055707373272e-02
6.731279107769559e-01 4.126091944996712e-02 1.956657289574366e-01 -2.888264312310850e-02
6.889331821518648e-01 4.887711777668551e-02 1.987796829370350e-01 -3.421398186101920e-02
7.046201059151080e-01 5.683941780998112e-02 2.015358329445250e-01 -3.978759178940812e-02
7.201633706294879e-01 6.513509224660993e-02 2.039018228441302e-01 -4.559456379615615e-02
7.355373803179691e-01 7.374853508655248e-02 2.058453446427667e-01 -5.162397368143569e-02
7.507163225161820e-01 8.266115399937851e-02 2.073343947922557e-01 -5.786280681416722e-02
7.656742387234855e-01 9.185128345468710e-02 2.083375521446504e-01 -6.429589732332834e-02
7.803850969947186e-01 1.012941221692026e-01 2.088242763257395e-01 -7.090588431092180e-02
7.948228663988267e-01 1.109616984806738e-01 2.087652247647405e-01 -7.767318761370515e-02
8.089615930529575e-01 1.208228672432926e-01 2.081325860459761e-01 -8.457600562998401e-02
8.227754774275491e-01 1.308433417389025e-01 2.069004266410670e-01 -9.159033765745758e-02
8.362389526036863e-01 1.409857638998110e-01 2.050450474477719e-01 -9.869003304918640e-02
8.493267631534984e-01 1.512098158320578e-01 2.025453459200602e-01 -1.058468692798790e-01
8.620140443039233e-01 1.614723752027768e-01 1.993831789402119e-01 -1.130306607170431e-01
8.742764010368352e-01 1.717277165058283e-01 1.955437209794752e-01 -1.202093995069259e-01
8.860899867726533e-01 1.819277595430157e-01 1.910158115423345e-01 -1.273494295113630e-01
8.974315812804179e-01 1.920223656555314e-01 1.857922854168319e-01 -1.344156536697870e-01
9.082786674557747e-01 2.019596813188486e-01 1.798702788870253e-01 -1.413717745156470e-01
9.186095066087880e-01 2.116865276866819e-01 1.732515048311430e-01 -1.481805668571773e-01
9.284032119055801e-01 2.211488335549520e-01 1.659424895567969e-01 -1.548041808521669e-01
9.376398196132540e-01 2.302921080409070e-01 1.579547643373677e-01 -1.612044728833390e-01
9.463003578036504e-01 2.390619480671146e-01 1.493050049308987e-01 -1.673433607971397e-01
9.543669121811047e-01 2.474045745433018e-01 1.400151128995464e-01 -1.731831992310189e-01
9.618226887102237e-01 2.552673899929789e-01 1.301122333103999e-01 -1.786871699520608e-01
9.686520727331628e-01 2.625995493223786e-01 1.196287043859416e-01 -1.838196813952345e-01
9.748406842810805e-01 2.693525345232989e-01 1.086019358727799e-01 -1.885467709553768e-01
9.803754293014423e-01 2.754807233849075e-01 9.707421428864042e-02 -1.928365030854491e-01
9.852445465419959e-01 2.809419418050722e-01 8.509243475728655e-02 -1.966593559144616e-01
9.894376498533388e-01 2.856979890756742e-01 7.270776080642341e-02 -1.999885889471865e-01
9.929457656930003e-01 2.897151255958341e-01 5.997521523298974e-02 -2.028005844634105e-01
9.957613656398013e-01 2.929645128603173e-01 4.695320687582548e-02 -2.050751555098130e-01
9.978783937498354e-01 2.954225962795306e-01 3.370299981398035e-02 -2.067958138739596e-01
9.992922886136565e-01 2.970714224054575e-01 2.028813306686214e-02 -2.079499921424529e-01
1.000000000000000e+00 2.978988834385898e-01 6.773800247140344e-03 -2.085292148557814e-01
1.000000000000000e+00 2.978988834385897e-01 -6.773800247141525e-03 -2.085292148557814e-01
9.992922886136565e-01 2.970714224054575e-01 -2.028813306686214e-02 -2.079499921424529e-01
9.978783937498411e-01 2.954225962795322e-01 -3.370299981398172e-02 -2.067958138739607e-01
9.957613656398013e-01 2.929645128603172e-01 -4.695320687582635e-02 -2.050751555098129e-01
9.929457656930003e-01 2.897151255958338e-01 -5.997521523299090e-02 -2.028005844634103e-01
9.894376498533388e-01 2.856979890756742e-01 -7.270776080642341e-02 -1.999885889471865e-01
9.852445465419959e-01 2.809419418050719e-01 -8.509243475728767e-02 -1.966593559144614e-01
9.803754293014423e-01 2.754807233849072e-01 -9.707421428864123e-02 -1.928365030854489e-01
9.748406842810805e-01 2.693525345232985e-01 -1.086019358727810e-01 -1.885467709553765e-01
9.686520727331628e-01 2.625995493223786e-01 -1.196287043859416e-01 -1.838196813952345e-01
9.618226887102237e-01 2.552673899929784e-01 -1.301122333104009e-01 -1.786871699520604e-01
9.543669121811047e-01 2.474045745433012e-01 -1.400151128995474e-01 -1.731831992310185e-01
9.463003578036504e-01 2.390619480671141e-01 -1.493050049308994e-01 -1.673433607971394e-01
9.376398196132540e-01 2.302921080409070e-01 -1.579547643373677e-01 -1.612044728833390e-01
9.284032119055801e-01 2.211488335549515e-01 -1.659424895567975e-01 -1.548041808521665e-01
9.186095066087880e-01 2.116865276866814e-01 -1.732515048311436e-01 -1.481805668571769e-01
9.082786674557747e-01 2.019596813188481e-01 -1.798702788870259e-01 -1.413717745156467e-01
8.974315812804179e-01 1.920223656555314e-01 -1.857922854168319e-01 -1.344156536697870e-01
8.860899867726587e-01 1.819277595430162e-01 -1.910158115423362e-01 -1.273494295113634e-01
8.742764010368352e-01 1.717277165058277e-01 -1.955437209794757e-01 -1.202093995069255e-01
8.620140443039233e-01 1.614723752027760e-01 -1.993831789402126e-01 -1.130306607170425e-01
8.493267631534984e-01 1.512098158320578e-01 -2.025453459200602e-01 -1.058468692798790e-01
8.362389526036863e-01 1.409857638998101e-01 -2.050450474477725e-01 -9.869003304918582e-02
8.227754774275491e-01 1.308433417389019e-01 -2.069004266410674e-01 -9.159033765745714e-02
8.089615930529575e-01 1.208228672432926e-01 -2.081325860459761e-01 -8.457600562998401e-02
7.948228663988267e-01 1.109616984806734e-01 -2.087652247647407e-01 -7.767318761370486e-02
7.803850969947186e-01 1.012941221692018e-01 -2.088242763257399e-01 -7.090588431092122e-02
7.656742387234855e-01 9.185128345468668e-02 -2.083375521446506e-01 -6.429589732332805e-02
7.507163225161820e-01 8.266115399937851e-02 -2.073343947922557e-01 -5.786280681416722e-02
7.355373803179528e-01 7.374853508655020e-02 -2.058453446427623e-01 -5.162397368143409e-02
7.201633706294761e-01 6.513509224660825e-02 -2.039018228441271e-01 -4.559456379615497e-02
7.046201059151080e-01 5.683941780998072e-02 -2.015358329445251e-01 -3.978759178940785e-02
6.889331821518648e-01 4.887711777668551e-02 -1.987796829370350e-01 -3.421398186101920e-02
6.731279107769559e-01 4.126091944996654e-02 -1.956657289574368e-01 -2.888264312310809e-02
6.572292532724043e-01 3.400079639864793e-02 -1.922261413924544e-01 -2.380055707373247e-02
6.412617586070118e-01 2.710410747792488e-02 -1.884926937320907e-01 -1.897287491144128e-02
6.252495037347473e-01 2.057574683952992e-02 -1.844965741299142e-01 -1.440302254238893e-02
6.092160373286765e-01 1.441830208936835e-02 -1.802682193198902e-01 -1.009281129067829e-02
5.931843269078679e-01 8.632217994517495e-03 -1.758371702747502e-01 -6.042552493258189e-03
5.771767094932378e-01 3.215963393945648e-03 -1.712319487765543e-01 -2.251174337424683e-03
5.612148459066517e-01 -1.833800778211327e-03 -1.664799539011620e-01 1.283660522887320e-03
5.453196788052743e-01 -6.522054197135065e-03 -1.616073772904377e-01 4.565437860245601e-03
5.295113945222352e-01 -1.085525217694960e-02 -1.566391359953494e-01 7.598676394460030e-03
5.138093887623689e-01 -1.484116439132151e-02 -1.515988216143190e-01 1.038881489700459e-02
4.982322361813245e-01 -1.848871843310345e-02 -1.465086644207865e-01 1.294210268276971e-02
4.827976638554234e-01 -2.180784915885554e-02 -1.413895111670198e-01 1.526549415122906e-02
4.675225286299060e-01 -2.480935457832835e-02 -1.362608152642392e-01 1.736654790907929e-02
4.524227983136557e-01 -2.750475888017054e-02 -1.311406380681928e-01 1.925333088823710e-02
4.375135366707063e-01 -2.990618303330281e-02 -1.260456600415567e-01 2.093432776680249e-02
4.228088921407969e-01 -3.202622326809454e-02 -1.209912006164053e-01 2.241835590588384e-02
4.083220902050671e-01 -3.387783762216503e-02 -1.159912456395548e-01 2.371448593166023e-02
3.940654292979514e-01 -3.547424063143918e-02 -1.110584813483558e-01 2.483196801912153e-02
3.800502801515345e-01 -3.682880615700970e-02 -1.062043338923434e-01 2.578016387087321e-02
3.662870884461676e-01 -3.795497826142197e-02 -1.014390134860631e-01 2.656848433053678e-02
3.527853806291603e-01 -3.886618998307177e-02 -9.677156234848754e-02 2.720633252482915e-02
3.395537727527899e-01 -3.957578980335606e-02 -9.220990565395881e-02 2.770305239056907e-02
3.265999821739871e-01 -4.009697555709209e-02 -8.776090478772135e-02 2.806788241197127e-02
3.139308419496752e-01 -4.044273550128728e-02 -8.343041226487738e-02 2.830991436878612e-02
3.015523177555109e-01 -4.062579622983401e-02 -7.922332773495459e-02 2.843805687658658e-02
2.894695271501981e-01 -4.065857710100650e-02 -7.514365455445708e-02 2.846100348601654e-02
2.776867610035154e-01 -4.055315083001634e-02 -7.119455646677525e-02 2.838720509758021e-02
2.662075069031366e-01 -4.032120988946512e-02 -6.737841398237521e-02 2.822484644195931e-02
2.550344743541258e-01 -3.997403835574721e-02 -6.369688010243200e-02 2.798182637249537e-02
2.441696215837044e-01 -3.952248883836095e-02 -6.015093507552510e-02 2.766574171570789e-02
2.336141837651618e-01 -3.897696413151586e-02 -5.674093992040667e-02 2.728387442741948e-02
2.233687024759236e-01 -3.834740323244060e-02 -5.346668848759321e-02 2.684318180557175e-02
2.134330562075354e-01 -3.764327137823206e-02 -5.032745786918352e-02 2.635028951601968e-02
2.038064917487941e-01 -3.687355376238591e-02 -4.732205699979873e-02 2.581148719410312e-02
1.944876562676294e-01 -3.604675260300954e-02 -4.444887332207278e-02 2.523272639239590e-02
1.854746299224483e-01 -3.517088724679987e-02 -4.170591741782709e-02 2.461962065349026e-02
1.767649588394669e-01 -3.425349700589322e-02 -3.909086553111431e-02 2.397744749579175e-02
1.683556882990454e-01 -3.330164643845472e-02 -3.660109993187399e-02 2.331115210993174e-02
1.602433959811553e-01 -3.232193279814101e-02 -3.423374708918000e-02 2.262535257339124e-02
1.524242251273432e-01 -3.132049539210113e-02 -3.198571364102669e-02 2.192434640110139e-02
1.448939174849522e-01 -3.030302660202598e-02 -2.985372016370690e-02 2.121211826017796e-02
1.376478459070246e-01 -2.927478433743168e-02 -2.783433275781323e-02 2.049234868721955e-02
1.306810464904148e-01 -2.824060570520011e-02 -2.592399248038288e-02 1.976842365698582e-02
1.239882501429001e-01 -2.720492169385785e-02 -2.411904266335448e-02 1.904344486139255e-02
1.175639134792206e-01 -2.617177268543386e-02 -2.241575416782605e-02 1.832024056781186e-02
1.114022489547363e-01 -2.514482462168986e-02 -2.081034863145634e-02 1.760137693543323e-02
1.054972541543814e-01 -2.412738566513781e-02 -1.929901977299812e-02 1.688916967797562e-02
9.984274016339444e-02 -2.312242320843294e-02 -1.787795282341522e-02 1.618569597026230e-02
9.443235895512493e-02 -2.213258109846868e-02 -1.654334215747593e-02 1.549280650508715e-02
8.925962973979673e-02 -2.116019695373402e-02 -1.529140720317528e-02 1.481213761536461e-02
8.431796422646770e-02 -2.020731946520532e-02 -1.411840670892999e-02 1.414512338475370e-02
7.960069075863684e-02 -1.927572558224869e-02 -1.302065145030730e-02 1.349300767778953e-02
7.510107729179621e-02 -1.836693749564956e-02 -1.199451545913999e-02 1.285685602800373e-02
7.081235318882100e-02 -1.748223933998862e-02 -1.103644585834258e-02 1.223756732958750e-02
6.672772981626553e-02 -1.662269354711142e-02 -1.014297138562148e-02 1.163588528482005e-02
6.284041993156271e-02 -1.578915679143954e-02 -9.310709688660082e-03 1.105240956578626e-02
5.914365585755020e-02 -1.498229547629087e-02 -8.536373473279150e-03 1.048760665480073e-02
5.563070644684787e-02 -1.420260071826606e-02 -7.816775584609874e-03 9.941820333478051e-03
5.229489284429822e-02 -1.345040279411024e-02 -7.148833099508585e-03 9.415281795535869e-03
4.912960306088426e-02 -1.272588502126436e-02 -6.529570506330035e-03 8.908119363180684e-03
4.612830537741482e-02 -1.202909704963676e-02 -5.956122045824631e-03 8.420367791347718e-03
4.328456060062674e-02 -1.135996754791434e-02 -5.425733284351401e-03 7.951977148118673e-03
4.059203319835636e-02 -1.071831627305483e-02 -4.935761987860162e-03 7.502821263366091e-03
3.804450134395636e-02 -1.010386551643583e-02 -4.483678362213382e-03 7.072705741057617e-03
3.563586590332282e-02 -9.516250924541359e-03 -4.067064722438342e-03 6.661375533736400e-03
3.336015840057664e-02 -8.955031696007773e-03 -3.683614650431507e-03 6.268522080453144e-03
3.121154800084302e-02 -8.419700160409207e-03 -3.331131697532183e-03 5.893790011915798e-03
2.918434755051498e-02 -7.909690747304373e-03 -3.007527685243758e-03 5.536783428822200e-03
2.727301871699899e-02 -7.424388356843261e-03 -2.710820654242249e-03 5.197071761284677e-03
2.547217627120124e-02 -6.963136145654019e-03 -2.439132508690755e-03 4.874195218950762e-03
2.377659155694985e-02 -6.525242743819827e-03 -2.190686399791805e-03 4.567669842886923e-03
2.218119519215708e-02 -6.109988920528114e-03 -1.963803889472645e-03 4.276992171532936e-03
2.068107904688201e-02 -5.716633717465361e-03 -1.756901932128965e-03 4.001643534078168e-03
1.927149754347970e-02 -5.344420070233314e-03 -1.568489709454572e-03 3.741093985452868e-03
1.794786832386572e-02 -4.992579939032021e-03 -1.397165350579561e-03 3.494805897806224e-03
1.670577232849523e-02 -4.660338970580749e-03 -1.241612567026235e-03 3.262237223850954e-03
1.554095333101389e-02 -4.346920713759648e-03 -1.100597229381986e-03 3.042844447812421e-03
1.444931697174421e-02 -4.051550411782910e-03 -9.729639100899607e-04 2.836085239949792e-03
1.342692933216670e-02 -3.773458393853851e-03 -8.576324143704801e-04 2.641420830714566e-03
1.247001509142347e-02 -3.511883089239204e-03 -7.535943190167293e-04 2.458318120602534e-03
1.157495530460861e-02 -3.266073686543800e-03 -6.599095366580198e-04 2.286251541646028e-03
1.073828484122416e-02 -3.035292460681297e-03 -5.757029210535205e-04 2.124704686293402e-03
9.956689520708453e-03 -2.818816789641691e-03 -5.001609270704148e-04 1.973171719146269e-03
9.227002980390888e-03 -2.615940882663236e-03 -4.325283372114855e-04 1.831158586679820e-03
8.546203309611575e-03 -2.425977240839304e-03 -3.721050648875732e-04 1.698184039667611e-03
7.911409482078564e-03 -2.248257870541271e-03 -3.182430430776199e-04 1.573780482577567e-03
7.319877616846454e-03 -2.082135269332513e-03 -2.703432055818437e-04 1.457494663711773e-03
6.768997096573146e-03 -1.926983203289000e-03 -2.278525667471122e-04 1.348888219330870e-03
6.256286569999016e-03 -1.782197293850329e-03 -1.902614043267397e-04 1.247538084449783e-03
5.779389863860870e-03 -1.647195431498130e-03 -1.571005490235402e-04 1.153036782412592e-03
5.336071827750893e-03 -1.521418032716157e-03 -1.279387832529446e-04 1.064992604764594e-03
4.924214133740927e-03 -1.404328155828309e-03 -1.023803507465760e-04 9.830296923389202e-04
4.541811050938548e-03 -1.295411490448872e-03 -8.006257779224262e-05 9.067880278717023e-04
4.186965213520071e-03 -1.194176234416662e-03 -6.065360616859448e-05 8.359233498559736e-04
3.857883399214149e-03 -1.100152871230332e-03 -4.385023717740798e-05 7.701069967463879e-04
3.552872333681263e-03 -1.012893860157362e-03 -2.937588559841926e-05 7.090256900355178e-04
3.270334534766233e-03 -9.319732503622379e-04 -1.697864188624578e-05 6.523812641435796e-04
3.008764209183644e-03 -8.569862295898448e-04 -6.429440491383769e-06 5.998903504968193e-04
2.766743212849413e-03 -7.875486171565031e-04 2.479668187255641e-06 5.512840226212410e-04
2.542937084777416e-03 -7.232963102397712e-04 9.937145026900945e-06 5.063074085454759e-04
2.336091163240379e-03 -6.638846917275818e-04 1.611349165332780e-05 4.647192762951850e-04
2.145026791736656e-03 -6.089880071851390e-04 2.116268544458615e-05 4.262915977698945e-04
1.968637621213363e-03 -5.582987178268435e-04 2.522352351692342e-05 3.908090958233511e-04
1.805886013977276e-03 -5.115268357428793e-04 2.842087927006621e-05 3.580687789221405e-04
1.655799553764779e-03 -4.683992470230071e-04 3.086687515802537e-05 3.278794673323508e-04
1.517467665557579e-03 -4.286590278489163e-04 3.266197540711254e-05 3.000613143842276e-04
1.390038347903720e-03 -3.920647580863347e-04 3.389600242837373e-05 2.744453259866582e-04
1.272715019744922e-03 -3.583898364025372e-04 3.464908067054337e-05 2.508728812094362e-04
1.164753483051665e-03 -3.274218004611702e-04 3.499251163500394e-05 2.291952564196471e-04
1.065459001930365e-03 -2.989616553054824e-04 3.498958372908213e-05 2.092731551499370e-04
9.741834982862704e-04 -2.728232126312206e-04 3.469632057104654e-05 1.909762455895483e-04
8.903228636010813e-04 -2.488324432713103e-04 3.416217128192890e-05 1.741827073236033e-04
8.133143859128922e-04 -2.268268448648955e-04 3.343064620816537e-05 1.587787887014401e-04
7.426342906664991e-04 -2.066548263625784e-04 3.253990141720746e-05 1.446583759902874e-04
6.777953937276562e-04 -1.881751107254444e-04 3.152327519758648e-05 1.317225752645889e-04
6.183448645295993e-04 -1.712561569083651e-04 3.040977967741318e-05 1.198793077943231e-04
5.638620970348093e-04 -1.557756019750029e-04 2.922455055242489e-05 1.090429195255122e-04
5.139566859507694e-04 -1.416197239726904e-04 2.798925778802240e-05 9.913380509264458e-05
4.682665054320792e-04 -1.286829259984326e-04 2.672248003063000e-05 9.007804666488280e-05
4.264558873285286e-04 -1.168672417109233e-04 2.544004533324006e-05 8.180706780448024e-05
3.882138958992728e-04 -1.060818623869863e-04 2.415534066933405e-05 7.425730240629608e-05
3.532526958028638e-04 -9.624268548248683e-05 2.287959257935678e-05 6.736987869043856e-05
3.213060100899679e-04 -8.727188453645288e-05 2.162212116537976e-05 6.109031813515509e-05
2.921276648672331e-04 -7.909750015152257e-05 2.039056952320491e-05 5.536824916315012e-05
2.654902172657476e-04 -7.165305169296530e-05 1.919111057757481e-05 5.015713533090477e-05
2.411836633318091e-04 -6.487716927074318e-05 1.802863316574868e-05 4.541401771612410e-05
2.190142224617397e-04 -5.871324550394879e-05 1.690690909805216e-05 4.109927115284772e-05
1.988031950215818e-04 -5.310910651267298e-05 1.582874281126076e-05 3.717637392576120e-05
1.803858898271809e-04 -4.801670153854347e-05 1.479610512224853e-05 3.361169050457674e-05
1.636106182070537e-04 -4.339181056042723e-05 1.381025248532016e-05 3.037426687502837e-05
1.483377514287055e-04 -3.919376924541058e-05 1.287183305722658e-05 2.743563800456127e-05
1.344388383369812e-04 -3.538521055624861e-05 1.198098077912584e-05 2.476964696754944e-05
1.217957801291346e-04 -3.193182232419067e-05 1.113739859472215e-05 2.235227524627648e-05
1.103000592742798e-04 -2.880212008969314e-05 1.034043183850614e-05 2.016148371943717e-05
9.985201967360447e-05 -2.596723451234307e-05 9.589132747393094e-06 1.817706384908659e-05
9.036019525098779e-05 -2.340071265466795e-05 8.882316973051992e-06 1.638049857930933e-05
8.174068426052171e-05 -2.107833245181469e-05 8.218612900747514e-06 1.475483246499698e-05
7.391656669684360e-05 -1.897792968976345e-05 7.596504513462506e-06 1.328455055659987e-05
6.681736229544985e-05 -1.707923682833042e-05 7.014368477312554e-06 1.195546557623092e-05
6.037852671244787e-05 -1.536373302122618e-05 6.470506065659272e-06 1.075461293170836e-05
5.454098357581888e-05 -1.381450470344884e-05 5.963170484717154e-06 9.670153127732461e-06
4.925069020266721e-05 -1.241611613593796e-05 5.490590112674367e-06 8.691281147144936e-06
4.445823487849926e-05 -1.115448931833098e-05 5.050988117232122e-06 7.808142389859813e-06
4.011846369501373e-05 -1.001679270258528e-05 4.642598872853468e-06 7.011754772400222e-06
3.619013504151401e-05 -8.991338162810136e-06 4.263681558697962e-06 6.293936606781992e-06
3.263559994186936e-05 -8.067485699739123e-06 3.912531281062849e-06 5.647239893645462e-06
2.942050652328329e-05 -7.235555381553745e-06 3.587488029938058e-06 5.064888680833080e-06
2.651352699510618e-05 -6.486746046151262e-06 3.286943747880956e-06 4.540722154977845e-06
2.388610560501299e-05 -5.813060313183717e-06 3.009347760619343e-06 4.069142149931523e-06
2.151222612614867e-05 -5.207235477204746e-06 2.753210792460164e-06 3.645064771968238e-06
1.936819751202746e-05 -4.662679875881527e-06 2.517107765537198e-06 3.263875857533593e-06
1.743245643607918e-05 -4.173414349388569e-06 2.299679560031010e-06 2.921389994821022e-06
1.568538550962018e-05 -3.734018428691421e-06 2.099633892579472e-06 2.613812855571026e-06
1.410914604571078e-05 -3.339580911397734e-06 1.915745452030704e-06 2.337706598167507e-06
1.268752430678093e-05 -2.985654504131124e-06 1.746855415329564e-06 2.089958117300011e-06
1.140579024113138e-05 -2.668214229942698e-06 1.591870451551095e-06 1.867749929152296e-06
1.025056777740455e-05 -2.383619318065614e-06 1.449761308767676e-06 1.668533494230973e-06
9.209715806966853e-06 -2.128578311331730e-06 1.319561066451358e-06 1.490004792557580e-06
8.272219041871101e-06 -1.900117143783250e-06 1.200363125354530e-06 1.330081977997113e-06
7.428087990771021e-06 -1.695549957426989e-06 1.091318997181256e-06 1.186884949986362e-06
6.668267346883034e-06 -1.512452442687170e-06 9.916359477571530e-07 1.058716691851181e-06
5.984552130952402e-06 -1.348637501928089e-06 9.005745397415922e-07 9.440462352726502e-07
5.369510978244000e-06 -1.202133049444927e-06 8.174461141141548e-07 8.414931202809060e-07
4.816416001964323e-06 -1.071161774580023e-06 7.416102436327453e-07 7.498132294367730e-07
4.319178706307677e-06 -9.541227071259868e-07 6.724721861275591e-07 6.678858836141618e-07
3.872291460629815e-06 -8.495744359520854e-07 6.094803607989439e-07 5.947020950387433e-07
3.470774082173817e-06 -7.562198428557639e-07 5.521238665633308e-07 5.293538809841917e-07
3.110125108426408e-06 -6.728922240253501e-07 4.999300578850466e-07 4.710245487962447e-07
2.786277371662718e-06 -5.985426812271206e-07 4.524621903885140e-07 4.189798697237996e-07
2.495557517653298e-06 -5.322286739282239e-07 4.093171458177373e-07 3.725600654050965e-07
2.234649137964283e-06 -4.731036320648887e-07 3.701232435540828e-07 3.311725368055873e-07
2.000559210878158e-06 -4.204075370902841e-07 3.345381438784430e-07 2.942852709515505e-07
1.790587569801263e-06 -3.734583863173714e-07 3.022468464335858e-07 2.614208659701891e-07
1.602299140200979e-06 -3.316444624368921e-07 2.729597858733676e-07 2.321511197523144e-07
1.433498706725314e-06 -2.944173364672474e-07 2.464110254473060e-07 2.060921320173450e-07
1.282207991292309e-06 -2.612855383087618e-07 2.223565482345493e-07 1.828998737013669e-07
1.146644840683433e-06 -2.318088345561467e-07 2.005726448856380e-07 1.622661814259260e-07
1.025204338617941e-06 -2.055930582956018e-07 1.808543960312512e-07 1.439151383560610e-07
9.164416725108304e-07 -1.822854403030678e-07 1.630142469553511e-07 1.275998060391357e-07
8.190565991930650e-07 -1.615703953896941e-07 1.468806716860479e-07 1.130992748467166e-07
7.318793668850690e-07 -1.431657216351892e-07 1.322969233171444e-07 1.002160034379640e-07
6.538579627245792e-07 -1.268191739296674e-07 1.191198671207704e-07 8.877342023896480e-08
5.840465662299140e-07 -1.123053766320850e-07 1.072188928349349e-07 7.861376230367512e-08
5.215950992920817e-07 -9.942304326826800e-08 9.647490239774441e-08 6.959612910257257e-08
4.657397726927503e-07 -8.799247405273538e-08 8.677936934221440e-08 6.159473078796274e-08
4.157945377991943e-07 -7.785330464457159e-08 7.803346605367062e-08 5.449731232311640e-08
3.711433600437067e-07 -6.886248195523733e-08 7.014725511762115e-08 4.820373654776137e-08
3.312332381047445e-07 -6.089244503168190e-08 6.303894104301144e-08 4.262471079628282e-08
2.955678994179609e-07 -5.382949105662216e-08 5.663417872809304e-08 3.768064309793797e-08
2.637021088014959e-07 -4.757230835358248e-08 5.086543513852024e-08 3.330061528040163e-08
2.352365326231301e-07 -4.203065997055356e-08 4.567140078530103e-08 2.942146147834298e-08
2.098131061062421e-07 -3.712420295542780e-08 4.099644772001608e-08 2.598694162624447e-08
1.871108561038970e-07 -3.278142984043542e-08 3.679013090310288e-08 2.294700049751969e-08
1.668421359985968e-07 -2.893872013226428e-08 3.300672994492140e-08 2.025710374760857e-08
1.487492333427117e-07 -2.553949076983046e-08 2.960482836674495e-08 1.787764323442687e-08
1.326013144692256e-07 -2.253343557186523e-08 2.654692767743037e-08 1.577340463168617e-08
1.181916736026886e-07 -1.987584466050637e-08 2.379909370987137e-08 1.391309102541593e-08
1.053352570112782e-07 -1.752699572294873e-08 2.133063280797722e-08 1.226889679712604e-08
9.386643548610125e-08 -1.545160976836175e-08 1.911379559870998e-08 1.081612665365569e-08
8.363700093558246e-08 -1.361836475870416e-08 1.712350622383034e-08 9.532855168749355e-09
7.451436516089664e-08 -1.199946114607431e-08 1.533711504168159e-08 8.399622659207293e-09
6.637994095179755e-08 -1.057023394174010e-08 1.373417294007704e-08 7.399163633211063e-09
5.912768752824428e-08 -9.308806478424632e-09 1.229622552676982e-08 6.516164423927622e-09
5.266280406766377e-08 -8.195781512727617e-09 1.100662558375945e-08 5.737046961208003e-09
4.690055661548772e-08 -7.213965753360459e-09 9.850362285709810e-09 5.049775941355148e-09
4.176522509106398e-08 -6.348124297328266e-09 8.813905790884409e-09 4.443686932454247e-09
3.718915838492571e-08 -5.584761814203574e-09 7.885065915296292e-09 3.909333203366953e-09
3.311192670779196e-08 -4.911927641675342e-09 7.052863697193282e-09 3.438349290617999e-09
2.947956140751307e-08 -4.319042246918755e-09 6.307414749736548e-09 3.023329521356133e-09
2.624387342679189e-08 -3.796742770915713e-09 5.639823384849834e-09 2.657719894380298e-09
2.336184244094186e-08 -3.336745609388118e-09 5.042086570920332e-09 2.335721886794575e-09
2.079506949930188e-08 -2.931724196945519e-09 4.507006861511620e-09 2.052206902912988e-09
1.850928670351899e-08 -2.575200352619636e-09 4.028113501684213e-09 1.802640216134965e-09
1.647391809774397e-08 -2.261447717235891e-09 3.599590983176163e-09 1.583013375106566e-09
1.466168652587329e-08 -1.985405967885111e-09 3.216214379759494e-09 1.389784153851695e-09
1.304826173511432e-08 -1.742604633816280e-09 2.873290849816973e-09 1.219823222897930e-09
1.161194547852961e-08 -1.529095462909607e-09 2.566606744811296e-09 1.070366805808487e-09
1.033338979649367e-08 -1.341392399893028e-09 2.292379810063832e-09 9.389746639344763e-10
9.195345042557390e-09 -1.176418337911150e-09 2.047216008367770e-09 8.234928225138056e-10
8.182434566945788e-09 -1.031457895083945e-09 1.828070537646066e-09 7.220205142628253e-10
7.280953284406499e-09 -9.041155483445740e-10 1.632212651349188e-09 6.328808730633046e-10
6.478687635636666e-09 -7.922785290623652e-10 1.457193924782611e-09 5.545949608989595e-10
5.764754705989298e-09 -6.940839495867666e-10 1.300819642258322e-09 4.858587564366112e-10
5.129458494298350e-09 -6.078896876613801e-10 1.161123009074533e-09 4.255227741163563e-10
4.564161530913356e-09 -5.322486073492097e-10 1.036341919029177e-09 3.725740187995489e-10
4.061170229582876e-09 -4.658857413033169e-10 9.248980326330320e-10 3.261200133585310e-10
3.613632524727990e-09 -4.076781004823779e-10 8.253779435833268e-10 2.853746654777629e-10
3.215446495688408e-09 -3.566368142528799e-10 7.365162315363052e-10 2.496457657255738e-10
2.861178814368936e-09 -3.118913366994904e-10 6.571802179270084e-10 2.183239319716088e-10
2.545991973867317e-09 -2.726754842967110e-10 5.863562586662998e-10 1.908728357571526e-10
2.265579364465437e-09 -2.383150962481670e-10 5.231374231245451e-10 1.668205645327796e-10
2.016107361042203e-09 -2.082171321094631e-10 4.667124230095039e-10 1.457519899944825e-10
1.794163673638673e-09 -1.818600420782752e-10 4.163556676780862e-10 1.273020272868520e-10
1.596711291552675e-09 -1.587852638284006e-10 3.714183341870603e-10 1.111496827870126e-10
1.421047421885239e-09 -1.385897162272003e-10 3.313203510880554e-10 9.701279970692205e-11
1.264766886710353e-09 -1.209191749242737e-10 2.955432046947962e-10 8.464342100552271e-11
1.125729499728722e-09 -1.054624278278863e-10 2.636234853784693e-10 7.382369822231027e-11
1.002030994067126e-09 -9.194612006994704e-11 2.351470994590270e-10 6.436228295287976e-11
8.919771183900548e-10 -8.013020835569458e-11 2.097440795255448e-10 5.609114489375969e-11
7.940605592390431e-10 -6.980395374059568e-11 1.870839326027436e-10 4.886276678628900e-11
7.069403840007477e-10 -6.078239000008955e-11 1.668714715452781e-10 4.254767227548013e-11
6.294237315566645e-10 -5.290321196877584e-11 1.488430804397144e-10 3.703224774748766e-11
5.604495068847181e-10 -4.602403462496249e-11 1.327633696782756e-10 3.221682368882450e-11
4.990738620197559e-10 -4.001997937345060e-11 1.184221807848618e-10 2.801398508434009e-11
4.444572691525674e-10 -3.478154901354771e-11 1.056319050646505e-10 2.434708389485502e-11
3.958530125456044e-10 -3.021275734211310e-11 9.422508375362718e-11 2.114892977931504e-11
3.525969446227634e-10 -2.622948329617352e-11 8.405226059871884e-11 1.836063799464165e-11
3.140983682834120e-10 -2.275802304307886e-11 7.498006073580199e-11 1.593061585885842e-11
2.798319224044349e-10 -1.973381652872033e-11 6.688947238134365e-11 1.381367133485881e-11
2.493303608156033e-10 -1.710032774100388e-11 5.967431024111793e-11 1.197022921485092e-11
2.221781269292335e-10 -1.480806037651293e-11 5.323984169076464e-11 1.036564208703321e-11
1.980056368262975e-10 -1.281369274884462e-11 4.750155872073617e-11 8.969584771440111e-12
1.764841930818589e-10 -1.107931767910885e-11 4.238408038274037e-11 7.755522243300436e-12
1.573214600733905e-10 -9.571774790726077e-12 3.782017204468105e-11 6.700242239403806e-12
1.402574390650604e-10 -8.262064117072339e-12 3.374986917340507e-11 5.783444783459158e-12
1.250608880955994e-10 -7.124831243907942e-12 3.011969463444807e-11 4.987381785800952e-12
1.115261377040460e-10 -6.137915368720069e-12 2.688195963943625e-11 4.296540684934395e-12
9.947025888427327e-11 -5.281952683668907e-12 2.399413949748202e-11 3.697366815602452e-12
8.873054443468771e-11 -4.540028393317914e-12 2.141831624808701e-11 3.178019821201184e-12
7.916226912688823e-11 -3.897371476636200e-12 1.912068108027632e-11 2.728159987185051e-12
7.063669791136697e-11 -3.341087007114093e-12 1.707109018512231e-11 2.338760865151005e-12
6.303931475949779e-11 -2.859921466125475e-12 1.524266835498426e-11 2.001944992194912e-12
5.626824775380922e-11 -2.444057032558841e-12 1.361145524038353e-11 1.710839893655759e-12
5.023286872222868e-11 -2.084931314740139e-12 1.215608971125576e-11 1.459451895463779e-12
4.485254810252999e-11 -1.775079416374816e-12 1.085752824969030e-11 1.242555570301776e-12
4.005554785213318e-11 -1.507995603328745e-12 9.698793731749177e-12 1.055596904353413e-12
3.577803711411147e-11 -1.278012168480425e-12 8.664751341633377e-12 8.946085027012050e-13
3.196321703810450e-11 -1.080193382859362e-12 7.741908706910498e-12 7.561353551246452e-13
2.856054265742802e-11 -9.102426774751386e-13 6.918237652848786e-12 6.371698633816587e-13
2.552503106104889e-11 -7.644214257374515e-13 6.183015250792503e-12 5.350949889036026e-13
2.281664628948772e-11 -6.394778948046878e-13 5.526682083350993e-12 4.476345187401109e-13
2.039975244296268e-11 -5.325851087727280e-13 4.940715870906841e-12 3.728095697920003e-13
1.824262743265651e-11 -4.412865201629758e-13 4.417518802307768e-12 3.089005588535378e-13
1.631703064460976e-11 -3.634485211878085e-13 3.950317090008004e-12 2.544139604988220e-13
1.459781853176066e-11 -2.972189449674865e-13 3.533071428536376e-12 2.080532579341146e-13
1.306260281333181e-11 -2.409908111973145e-13 3.160397176974998e-12 1.686935649652858e-13
1.169144655100262e-11 -1.933706624311964e-13 2.827493212854849e-12 1.353594613966795e-13
1.046659389633103e-11 -1.531509176780842e-13 2.530078518130105e-12 1.072056405489577e-13
9.372229770733785e-12 -1.192857407348921e-13 2.264335659061020e-12 8.350001709242763e-14
8.394266154527009e-12 -9.086998278396382e-14 2.026860412215650e-12 6.360898686552006e-14
7.520152030664751e-12 -6.712081330221714e-14 1.814616869507182e-12 4.698456851140955e-14
6.738704357064734e-12 -4.736170117958010e-14 1.624897427259792e-12 3.315319026111060e-14
6.039957733200807e-12 -3.100844993065461e-14 1.455287128632875e-12 2.170591458180870e-14
5.415030686089400e-12 -1.755702771753477e-14 1.303631886173405e-12 1.228991919297826e-14
4.856006731411745e-12 -6.572965206997159e-15 1.168010162525127e-12 4.601075566542160e-15
4.355828570517467e-12 2.317877387121009e-15 1.046707733066565e-12 -1.622514143353454e-15
3.908203966287801e-12 9.437347891619790e-15 9.381951950661223e-13 -6.606143411631899e-15
3.507522002806087e-12 1.506199644093686e-14 8.411079243538293e-13 -1.054339732910281e-14
3.148778577745588e-12 1.942915939979899e-14 7.542282129889604e-13 -1.360041134824567e-14
2.827510104339397e-12 2.274224920862477e-14 6.764693503719962e-13 -1.591957417492860e-14
2.539734513518423e-12 2.517535178373847e-14 6.068614360840248e-13 -1.762274594850335e-14
2.281898747870478e-12 2.687722028900217e-14 5.445387357728600e-13 -1.881405388190008e-14
2.050832028897426e-12 2.797474287588506e-14 4.887284119450173e-13 -1.958231967963462e-14
1.843704258874684e-12 2.857595216897539e-14 4.387404798341492e-13 -2.000316617763088e-14
1.657988989559393e-12 2.877263568070873e-14 3.939588548397136e-13 -2.014084463349956e-14
1.491430453042877e-12 2.864259882132012e-14 3.538333725800991e-13 -2.004981883347770e-14
1.342014206071961e-12 2.825162559455857e-14 3.178726755722136e-13 -1.977613757940538e-14
1.207940988959134e-12 2.765517631984479e-14 2.856378721071560e-13 -1.935862309421596e-14
1.087603444455485e-12 2.689985669487561e-14 2.567368831911621e-13 -1.882989936574164e-14
9.795653812877987e-13 2.602468811924126e-14 2.308194025984195e-13 -1.821728137323042e-14
8.825433020155477e-13 2.506220536065861e-14 2.075724032603564e-13 -1.754354345369626e-14
7.953899459272986e-13 2.403940429177683e-14 1.867161305020263e-13 -1.682758271767175e-14
7.170796253058684e-13 2.297855949657251e-14 1.680005291279141e-13 -1.608499137367498e-14
6.466951579311575e-13 2.189792898803623e-14 1.512020571429286e-13 -1.532855003058171e-14
5.834162204997604e-13 2.081236104653650e-14 1.361208440463349e-13 -1.456865248447288e-14
5.265089670288127e-13 1.973381624025833e-14 1.225781562264433e-13 -1.381367113293541e-14
4.753167735435438e-13 1.867181598959515e-14 1.104141360722209e-13 -1.307027097013121e-14
4.292519856673059e-13 1.763382755514640e-14 9.948578506010860e-14 -1.234367907839088e-14
3.877885593514438e-13 1.662559403659949e-14 8.966516431862015e-14 -1.163791562742712e-14
3.504554970883772e-13 1.565141684324608e-14 8.083778906287811e-14 -1.095599160369283e-14
3.168309927156552e-13 1.471439711528291e-14 7.290119586540855e-14 -1.030007780528876e-14
2.865372074890165e-13 1.381664171996118e-14 6.576366402228317e-14 -9.671649039265619e-15
2.592356086116305e-13 1.295943870200296e-14 5.934307431581125e-14 -9.071606936913525e-15
2.346228089743489e-13 1.214340641951402e-14 5.356589029420699e-14 -8.500384348899128e-15
2.124268535908190e-13 1.136862003252690e-14 4.836624880890384e-14 -7.958033887244320e-15
1.924039041961798e-13 1.063471852062031e-14 4.368514799349932e-14 -7.444302837658496e-15
1.743352788012289e-13 9.940994979376761e-15 3.946972215397124e-14 -6.958696367057837e-15
1.580248077287192e-13 9.286472574549842e-15 3.567259418499722e-14 -6.500530691481510e-15
1.432964718704974e-13 8.669968210569911e-15 3.225129714737379e-14 -6.068977644044863e-15
1.299922926514917e-13 8.090145690149230e-15 2.916775755032610e-14 -5.663101886662409e-15
1.179704465205399e-13 7.545559898797189e-15 2.638783369207428e-14 -5.281891839207948e-15
1.071035797547222e-13 7.034693337247193e-15 2.388090313327343e-14 -4.924285252212956e-15
9.727730200410660e-14 6.555986141987541e-15 2.161949402056138e-14 -4.589190221237833e-15
8.838883935322339e-14 6.107860575603556e-15 1.957895554990816e-14 -4.275502330111117e-15
8.034582976722893e-14 5.688740831366317e-15 1.773716336963034e-14 -3.982118514141347e-15
7.306524565232876e-14 5.297068877629548e-15 1.607425617744401e-14 -3.707948151194702e-15
6.647242991754285e-14 4.931316964745395e-15 1.457240017098011e-14 -3.451921816535897e-15
6.050023340073047e-14 4.589997328269629e-15 1.321557837215128e-14 -3.212998075071708e-15
5.508824283594452e-14 4.271669545368789e-15 1.198940216744197e-14 -2.990168630835883e-15
5.018208970960278e-14 3.974945934973122e-15 1.088094269290942e-14 -2.782462107096137e-15
4.573283139555098e-14 3.698495334962237e-15 9.878579948262972e-15 -2.588946690384066e-15
4.169639688767645e-14 3.441045540294306e-15 8.971867752175655e-15 -2.408731837185555e-15
3.803309027622918e-14 3.201384643472163e-15 8.151412854089565e-15 -2.240969212267036e-15
3.470714585126969e-14 2.978361482145935e-15 7.408766698838449e-15 -2.084853001997319e-15
3.168632937369550e-14 2.770885367193412e-15 6.736328501850231e-15 -1.939619724003861e-15
2.894158063996816e-14 2.577925237609147e-15 6.127258436661323e-15 -1.804547635595139e-15
2.644669298871332e-14 2.398508365364195e-15 5.575399864857217e-15 -1.678955827162489e-15
2.417802586281544e-14 2.231718713552699e-15 5.075209653057654e-15 -1.562203072882729e-15
2.211424695570589e-14 2.076695034167989e-15 4.621695723706929e-15 -1.453686499161458e-15
2.023610084067045e-14 1.932628777350068e-15 4.210361077535920e-15 -1.352840121106317e-15
1.852620131220087e-14 1.798761871585939e-15 3.837153606855639e-15 -1.259133288667245e-15
1.696884496296285e-14 1.674384423821863e-15 3.498421091371252e-15 -1.172069076715086e-15
1.554984378277080e-14 1.558832379509240e-15 3.190870832928712e-15 -1.091182647073738e-15
1.425637480051262e-14 1.451485175031899e-15 2.911533443372701e-15 -1.016039605219278e-15
1.307684499931775e-14 1.351763408559371e-15 2.657730351255319e-15 -9.462343698772842e-16
1.200076992213610e-14 1.259126549970685e-15 2.427044639159793e-15 -8.813885699695210e-16
1.101866455177694e-14 1.173070705956895e-15 2.217294864500899e-15 -8.211494801857341e-16
1.012194519846077e-14 1.093126452608954e-15 2.026511553355233e-15 -7.651885037951852e-16
9.302841261042675e-15 1.018856744627548e-15 1.852916089645604e-15 -7.131997090935646e-16
8.554315846966994e-15 9.498549076584344e-16 1.694901751272256e-15 -6.648984240377512e-16
7.869994342254233e-15 8.857427180819256e-16 1.551016670929357e-15 -6.200198920984720e-16
7.244100117766296e-15 8.261685727995739e-16 1.419948522704507e-15 -5.783179911110048e-16
6.671396642867990e-15 7.708057501067248e-16 1.300510756432933e-15 -5.395640158859867e-16
6.147135353468653e-15 7.193507615636215e-16 1.191630220430647e-15 -5.035455245192057e-16
5.667008689280566e-15 6.715217938396379e-16 1.092336029905893e-15 -4.700652476825829e-16
5.227107775801601e-15 6.270572387641885e-16 1.001749553252254e-15 -4.389400596598272e-16
4.823884280817542e-15 5.857143092457062e-16 9.190754017555618e-16 -4.100000094897357e-16
4.454116023778913e-15 5.472677382855934e-16 8.435933201634484e-16 -3.830874102759755e-16
4.114875959872381e-15 5.115085579970908e-16 7.746508862263563e-16 -3.580559845003064e-16
3.803504199510308e-15 4.782429553178693e-16 7.116569368543262e-16 -3.347700630214082e-16
3.517582758789036e-15 4.472912009631235e-16 6.540756470648008e-16 -3.131038353420598e-16
3.254912767656344e-15 4.184866480892154e-16 6.014211955312155e-16 -2.929406486737011e-16
3.013493890463179e-15 3.916747971137693e-16 5.532529573749854e-16 -2.741723533105111e-16
2.791505738600081e-15 3.667124231563690e-16 5.091711709600194e-16 -2.566986918379055e-16
2.587291077342170e-15 3.434667626158941e-16 4.688130309250710e-16 -2.404267297366830e-16
2.399340649125546e-15 3.218147554790216e-16 4.318491645935629e-16 -2.252703249989842e-16
2.226279453493580e-15 3.016423400529359e-16 3.979804532926606e-16 -2.111496344411983e-16
2.066854340106796e-15 2.828437969290941e-16 3.669351640483287e-16 -1.979906544786051e-16
1.919922785699003e-15 2.653211391096251e-16 3.384663606487863e-16 -1.857247942138631e-16
1.784442738858387e-15 2.489835453598586e-16 3.123495662281521e-16 -1.742884787837858e-16
1.659463428175158e-15 2.337468339871291e-16 2.883806523543221e-16 -1.636227810045110e-16
1.544117039764090e-15 2.195329743847488e-16 2.663739321442263e-16 -1.536730794522872e-16
1.437611179564464e-15 2.062696338187811e-16 2.461604372061058e-16 -1.443887412142211e-16
1.339222044258273e-15 1.938897570731461e-16 2.275863602508327e-16 -1.357228276398562e-16
1.248288232222745e-15 1.823311767035231e-16 2.105116470457946e-16 -1.276318215189092e-16
1.164205132741632e-15 1.715362517824841e-16 1.948087230288071e-16 -1.200753742028674e-16
1.086419837813939e-15 1.614515331456136e-16 1.803613413742359e-16 -1.130160712772772e-16
1.014426526398442e-15 1.520274532716890e-16 1.670635406280104e-16 -1.064192154778739e-16
9.477622758712961e-16 1.432180390474738e-16 1.548187012164943e-16 -1.002526256259396e-16
8.860032599207244e-16 1.349806457807244e-16 1.435386912021985e-16 -9.448645043741240e-17
8.287612960980421e-16 1.272757109320013e-16 1.331430926179004e-16 -8.909299613515620e-17
7.756807098409240e-16 1.200665261377264e-16 1.235585005723105e-16 -8.404656686510396e-17
7.264354850217020e-16 1.133190261933934e-16 1.147178880946783e-16 -7.932331698450730e-17
6.807266739846397e-16 1.070015937565393e-16 1.065600303812263e-16 -7.490111435401909e-17
6.382800426615104e-16 1.010848786152080e-16 9.902898273226656e-17 -7.075941382561996e-17
5.988439287141494e-16 9.554163044784088e-17 9.207360703089887e-17 -6.687914017454363e-17
5.621872927828960e-16 9.034654407658966e-17 8.564714212049384e-17 -6.324257977659803e-17
5.280979448355248e-16 8.547611628673219e-17 7.970681389304203e-17 -5.983328038175783e-17
4.963809293403684e-16 8.090851335143466e-17 7.421348131015338e-17 -5.663595838149962e-17
4.668570545450220e-16 7.662344846312991e-17 6.913131494706408e-17 -5.363641301076826e-17
4.393615525471470e-16 7.260206833076509e-17 6.442750498188624e-17 -5.082144696605147e-17
4.137428581112810e-16 6.882684825624469e-17 6.007199585116462e-17 -4.817879295889131e-17
3.898614953290382e-16 6.528149505375875e-17 5.603724506196126e-17 -4.569704575941506e-17
3.675890622523374e-16 6.195085722262538e-17 5.229800389319934e-17 -4.336559931732600e-17
3.468073045609089e-16 5.882084182788317e-17 4.883111793749834e-17 -4.117458857831915e-17
3.274072701667660e-16 5.587833758343575e-17 4.561534563170232e-17 -3.911483564228333e-17
3.092885374183524e-16 5.311114367023054e-17 4.263119310188112e-17 -3.717779993602720e-17
2.923585102537874e-16 5.050790385692900e-17 3.986076380872954e-17 -3.535553209774917e-17
2.765317742732000e-16 4.805804552296817e-17 3.728762162373492e-17 -3.364063129318117e-17
2.617295082611020e-16 4.575172321398658e-17 3.489666609680049e-17 -3.202620570438756e-17
2.478789461974430e-16 4.357976638753427e-17 3.267401879368308e-17 -3.050583595176269e-17
2.349128852544286e-16 4.153363103273902e-17 3.060691968771693e-17 -2.907354122779785e-17
2.227692356918482e-16 3.960535487160522e-17 2.868363268622613e-17 -2.772374793799103e-17
2.113906089391550e-16 3.778751587171434e-17 2.689335945858125e-17 -2.645126065973775e-17
2.007239404929708e-16 3.607319382063204e-17 2.522616081110632e-17 -2.525123524441645e-17
1.907201445666338e-16 3.445593473126155e-17 2.367288492471501e-17 -2.411915390113634e-17
1.813337977076224e-16 3.292971786494458e-17 2.222510183506496e-17 -2.305080211290838e-17
1.725228488514282e-16 3.148892517530324e-17 2.087504359276940e-17 -2.204224724733503e-17
1.642483535098131e-16 3.012831299083706e-17 1.961554959346954e-17 -2.108981873442846e-17
1.564742299989688e-16 2.884298576810492e-17 1.844001661480338e-17 -2.019008969383826e-17
1.491670358017913e-16 2.762837176017192e-17 1.734235314009647e-17 -1.933985990276449e-17
1.422957623292298e-16 2.648020045679155e-17 1.631693758727923e-17 -1.853614000408550e-17
1.358316465008947e-16 2.539448166374123e-17 1.535858009658310e-17 -1.777613686189305e-17
1.297479977058902e-16 2.436748609881839e-17 1.446248756229481e-17 -1.705723997868980e-17
1.240200388327095e-16 2.339572739133181e-17 1.362423162259074e-17 -1.637700889503346e-17
1.186247601730988e-16 2.247594538052558e-17 1.283971934750759e-17 -1.573316149843376e-17
1.135407851103020e-16 2.160509061632507e-17 1.210516638870753e-17 -1.512356317387480e-17
1.087482465979971e-16 2.078030997314356e-17 1.141707237609502e-17 -1.454621673347990e-17
1.042286735233403e-16 1.999893329425834e-17 1.077219836573589e-17 -1.399925306757497e-17
9.996488612674722e-17 1.925846099051856e-17 1.016754616112524e-17 -1.348092246378424e-17
9.594089972325774e-17 1.855655252295225e-17 9.600339345829557e-18 -1.298958654485523e-17
9.214183603570995e-17 1.789101570413621e-17 9.068005879995410e-18 -1.252371077961782e-17
8.855384150981979e-17 1.725979675815365e-17 8.568162126391222e-18 -1.208185752495474e-17
8.516401203549970e-17 1.666097108349244e-17 8.098598183579002e-18 -1.166267955983046e-17
8.196032354825612e-17 1.609273466743975e-17 7.657264414664483e-18 -1.126491407536748e-17
7.893156802965039e-17 1.555339610441789e-17 7.242259069935815e-18 -1.088737708768159e-17
7.606729446679490e-17 1.504136917426896e-17 6.851816910648135e-18 -1.052895824268118e-17
7.335775436836311e-17 1.455516593981301e-17 6.484298749360446e-18 -1.018861598435801e-17
7.079385146875694e-17 1.409339032606197e-17 6.138181829636570e-18 -9.865373060237077e-18
6.836709528316376e-17 1.365473214628085e-17 5.812050974650315e-18 -9.558312339619501e-18
6.606955820468177e-17 1.323796154269783e-17 5.504590440365990e-18 -9.266572922079685e-18
6.389383586065488e-17 1.284192381207750e-17 5.214576414542329e-18 -8.989346515366587e-18
6.183301046897323e-17 1.246553458858061e-17 4.940870107878867e-18 -8.725874063405673e-18
5.988061695678281e-17 1.210777535840121e-17 4.682411388250922e-18 -8.475442606544918e-18
5.803061162376716e-17 1.176768928256209e-17 4.438212913185407e-18 -8.237382357511676e-18
5.627734315022713e-17 1.144437730600554e-17 4.207354719566074e-18 -8.011063977776272e-18
5.461552576669534e-17 1.113699453273901e-17 3.988979233052303e-18 -7.795896040153987e-18
5.304021441690044e-17 1.084474684829116e-17 3.782286662879917e-18 -7.591322664524354e-18
5.154678175970744e-17 1.056688777212056e-17 3.586530750618207e-18 -7.396821314517277e-18
5.013089686831225e-17 1.030271552390440e-17 3.401014844107949e-18 -7.211900743915138e-18
4.878850549649970e-17 1.005157028881292e-17 3.225088270219013e-18 -7.036099082344989e-18
4.751581179238298e-17 9.812831667975598e-18 3.058142982273848e-18 -6.868982050604849e-18
4.630926134975392e-17 9.585916301361483e-18 2.899610459995697e-18 -6.710141296680011e-18
4.516552549603203e-17 9.370275651228751e-18 2.748958841676503e-18 -6.559192844157736e-18
4.408148672398982e-17 9.165393935175799e-18 2.605690269940028e-18 -6.415775645363050e-18
4.305422518186726e-17 8.970786198622925e-18 2.469338434005371e-18 -6.279550232095942e-18
4.208100614336500e-17 8.785996517303114e-18 2.339466292757889e-18 -6.150197457374940e-18
4.115926838530935e-17 8.610596321032956e-18 2.215663964214199e-18 -6.027417322076762e-18
4.028661340653581e-17 8.444182830669439e-18 2.097546768135108e-18 -5.910927880806103e-18
3.946079542686797e-17 8.286377600755924e-18 1.984753409610722e-18 -5.800464221747828e-18
3.867971210993535e-17 8.136825160908211e-18 1.876944292417425e-18 -5.695777515637233e-18
3.794139595807109e-17 7.995191749504186e-18 1.773799951840337e-18 -5.596634129342818e-18
3.724400633166024e-17 7.861164133714634e-18 1.675019597471340e-18 -5.502814799887865e-18
3.658582204909093e-17 7.734448510348930e-18 1.580319757238050e-18 -5.414113865042440e-18
3.596523452699057e-17 7.614769482404116e-18 1.489433014603393e-18 -5.330338546907755e-18
3.538074142364234e-17 7.501869106583065e-18 1.402106831498684e-18 -5.251308285178896e-18
3.483094075144464e-17 7.395506007399103e-18 1.318102450122865e-18 -5.176854117018070e-18
3.431452542705266e-17 7.295454553819526e-18 1.237193867263667e-18 -5.106818100705073e-18
3.383027823035791e-17 7.201504094702514e-18 1.159166875271272e-18 -5.041052780443141e-18
3.337706714581789e-17 7.113458249569560e-18 1.083818164250815e-18 -4.979420689899661e-18
3.295384106183656e-17 7.031134251525532e-18 1.010954480437722e-18 -4.921793892250221e-18
3.255962580588600e-17 6.954362339382630e-18 9.403918360809503e-19 -4.868053554665381e-18
3.219352049496973e-17 6.882985196286238e-18 8.719547664910350e-19 -4.818089555348789e-18
3.185469418272705e-17 6.816857432351017e-18 8.054756302091608e-19 -4.771800121382438e-18
3.154238278613785e-17 6.755845109029656e-18 7.407939485278660e-19 -4.729091495784810e-18
3.125588627626179e-17 6.699825303122080e-18 6.777557808413614e-19 -4.689877632317315e-18
3.099456611890215e-17 6.648685708524409e-18 6.162131325294447e-19 -4.654079916708576e-18
3.075784295235962e-17 6.602324273978457e-18 5.560233922805762e-19 -4.621626913079082e-18
3.054519449072746e-17 6.560648875254483e-18 4.970487959442767e-19 -4.592454134469108e-18
3.035615364232490e-17 6.523577020348867e-18 4.391559141660512e-19 -4.566503836477108e-18
3.019030683397890e-17 6.491035586426765e-18 3.822151612051846e-19 -4.543724833119562e-18
3.004729253292113e-17 6.462960587381768e-18 3.261003224659209e-19 -4.524072334122743e-18
2.992679995904641e-17 6.439296971014878e-18 2.706880983865478e-19 -4.507507802948013e-18
2.982856798125363e-17 6.419998444968882e-18 2.158576624312703e-19 -4.493998834945872e-18
2.975238419248147e-17 6.405027330673583e-18 1.614902310152667e-19 -4.483519055117633e-18
2.969808415896290e-17 6.394354444684611e-18 1.074686432657268e-19 -4.476048035052582e-18
2.966555084003420e-17 6.387959006906592e-18 5.367694858137513e-20 -4.471571228684209e-18
2.965471417571337e-17 0.000000000000000e+00 0.000000000000000e+00 -0.000000000000000e+00
